# Readings of x #
1 38.391
2 40.641
3 39.949
4 41.288
5 39.398
6 40.778
7 39.785
8 39.04
9 41.19
10 39.07
11 41.334
12 38.387
13 37.607
14 39.188
15 39.635
16 40.206
17 39.723
18 41.411
19 42.543
20 38.026
21 39.33
22 39.801
23 40.814
24 41.838
25 40.624
26 43.066
27 38.899
28 39.233
29 38.354
30 43.2
31 39.861
32 40.166
33 39.346
34 39.908
35 39.391
36 43.846
37 39.842
38 38.835
39 36.764
40 41.734
41 37.919
42 41.3
43 45.399
44 41.604
45 37.806
46 39.643
47 39.154
48 39.339
49 37.777
50 38.515
51 45.149
52 42.146
53 36.267
54 38.706
55 42.164
56 40.353
57 38.329
58 36.61
59 42.266
60 42.097