Random numbers drawn from Gaussian with mu = 40.0 and sigma = 2.0
1 40.4
2 40.941
3 41.158
4 41.335
5 40.168
6 38.603
7 43.244
8 39.248
9 41.611
10 39.141
11 39.541
12 38.156
13 39.876
14 40.089
15 39.921
16 39.419
17 38.114
18 39.417
19 40.921
20 39.804
21 43.2
22 44.175
23 36.387
24 41.912
25 37.768
26 39.898
27 37.693
28 41.828
29 38.986
30 39.859
31 41.207
32 43.335
33 38.33
34 40.988
35 40.719
36 39.152
37 40.308
38 37.36
39 37.831
40 37.964
41 38.21
42 39.215
43 39.211
44 39.465
45 41.952
46 43.55
47 43.516
48 38.904
49 39.65
50 44.031
51 41.911
52 38.319
53 40.762
54 40.003
55 40.215
56 41.26
57 43.787
58 41.884
59 38.018
60 43.258
