Spectrum Name:
Description:
Student ID:
Detector Used:
Comments:
Acquisition Mode:	PHA Direct In
High Voltage:	0
Conversion Gain:	1024
Coarse Gain:	1
Fine Gain:	1.00
Upper Discriminator:	1048
Lower Discriminator:	14
Calibration Coefficients:Elapsed Real Time:	10.0
Elapsed Live Time:	9.9
Start Time:	June 02, 2021, 01:24:48
End Time:	June 02, 2021, 01:24:58
ROIs:
ROI:	Low	High	Gross	Net	FWHM	Centroid


Channel Data:
Channel	Energy	Counts
0		0
1		0
2		0
3		0
4		3
5		40
6		78
7		73
8		34
9		46
10		32
11		34
12		34
13		29
14		31
15		33
16		35
17		33
18		35
19		43
20		46
21		56
22		51
23		52
24		42
25		42
26		55
27		38
28		45
29		43
30		26
31		33
32		35
33		41
34		37
35		29
36		52
37		32
38		35
39		36
40		34
41		39
42		39
43		41
44		28
45		40
46		37
47		33
48		38
49		33
50		30
51		37
52		36
53		42
54		42
55		38
56		42
57		45
58		46
59		44
60		52
61		58
62		43
63		46
64		53
65		52
66		39
67		34
68		36
69		37
70		47
71		47
72		39
73		46
74		40
75		48
76		54
77		40
78		40
79		36
80		46
81		41
82		41
83		49
84		51
85		33
86		39
87		30
88		36
89		51
90		34
91		47
92		40
93		40
94		39
95		37
96		51
97		49
98		30
99		41
100		36
101		48
102		36
103		40
104		29
105		25
106		35
107		37
108		35
109		41
110		23
111		42
112		20
113		28
114		30
115		24
116		24
117		38
118		25
119		33
120		26
121		30
122		28
123		40
124		29
125		37
126		23
127		33
128		24
129		37
130		32
131		34
132		27
133		28
134		31
135		21
136		26
137		26
138		15
139		27
140		28
141		32
142		30
143		37
144		39
145		29
146		31
147		23
148		25
149		20
150		33
151		22
152		31
153		16
154		21
155		13
156		13
157		17
158		15
159		14
160		13
161		12
162		11
163		6
164		8
165		9
166		8
167		8
168		4
169		8
170		8
171		8
172		11
173		4
174		5
175		8
176		8
177		1
178		4
179		2
180		3
181		4
182		3
183		9
184		3
185		1
186		8
187		3
188		2
189		6
190		1
191		5
192		3
193		4
194		4
195		8
196		3
197		1
198		2
199		4
200		6
201		8
202		14
203		15
204		14
205		23
206		27
207		26
208		33
209		53
210		66
211		77
212		84
213		121
214		137
215		121
216		141
217		154
218		152
219		165
220		181
221		188
222		161
223		160
224		127
225		103
226		92
227		87
228		74
229		45
230		48
231		34
232		31
233		16
234		14
235		11
236		8
237		4
238		7
239		4
240		1
241		5
242		0
243		1
244		0
245		1
246		1
247		1
248		0
249		1
250		0
251		2
252		0
253		0
254		1
255		0
256		1
257		2
258		3
259		0
260		0
261		1
262		1
263		1
264		0
265		0
266		0
267		0
268		0
269		0
270		0
271		0
272		2
273		1
274		0
275		0
276		0
277		2
278		0
279		0
280		0
281		1
282		0
283		0
284		0
285		0
286		0
287		0
288		0
289		0
290		0
291		0
292		0
293		0
294		0
295		1
296		0
297		1
298		0
299		0
300		0
301		0
302		0
303		1
304		1
305		0
306		0
307		0
308		1
309		0
310		0
311		0
312		0
313		0
314		0
315		0
316		2
317		0
318		0
319		1
320		0
321		0
322		2
323		1
324		0
325		1
326		0
327		0
328		1
329		0
330		0
331		1
332		0
333		0
334		0
335		0
336		0
337		0
338		0
339		0
340		0
341		1
342		0
343		1
344		1
345		1
346		0
347		0
348		0
349		0
350		0
351		0
352		0
353		0
354		0
355		0
356		0
357		0
358		0
359		0
360		0
361		1
362		0
363		0
364		0
365		0
366		0
367		0
368		1
369		0
370		1
371		0
372		1
373		0
374		0
375		0
376		0
377		0
378		0
379		0
380		0
381		0
382		0
383		0
384		0
385		0
386		0
387		0
388		0
389		0
390		0
391		0
392		0
393		0
394		1
395		0
396		0
397		1
398		0
399		0
400		1
401		1
402		1
403		0
404		0
405		0
406		1
407		0
408		0
409		0
410		0
411		0
412		0
413		0
414		0
415		0
416		0
417		0
418		0
419		0
420		0
421		0
422		0
423		0
424		0
425		0
426		0
427		0
428		0
429		0
430		0
431		0
432		0
433		0
434		1
435		0
436		0
437		1
438		2
439		0
440		0
441		0
442		0
443		0
444		0
445		1
446		0
447		0
448		0
449		0
450		0
451		1
452		0
453		0
454		0
455		0
456		0
457		0
458		0
459		0
460		0
461		0
462		0
463		0
464		0
465		1
466		0
467		0
468		0
469		0
470		0
471		1
472		0
473		1
474		0
475		0
476		0
477		0
478		0
479		1
480		1
481		0
482		0
483		0
484		0
485		0
486		1
487		0
488		2
489		0
490		1
491		0
492		0
493		0
494		0
495		0
496		0
497		0
498		0
499		0
500		0
501		0
502		0
503		0
504		0
505		0
506		0
507		0
508		0
509		0
510		0
511		0
512		2
513		0
514		0
515		0
516		0
517		0
518		0
519		0
520		0
521		0
522		0
523		0
524		0
525		0
526		0
527		1
528		0
529		0
530		0
531		0
532		0
533		0
534		0
535		0
536		0
537		0
538		0
539		0
540		0
541		0
542		0
543		0
544		1
545		0
546		0
547		0
548		0
549		0
550		0
551		1
552		0
553		0
554		0
555		0
556		0
557		0
558		0
559		0
560		0
561		0
562		0
563		0
564		0
565		0
566		0
567		0
568		0
569		0
570		0
571		0
572		0
573		0
574		0
575		0
576		0
577		0
578		0
579		0
580		0
581		0
582		0
583		1
584		0
585		1
586		0
587		0
588		0
589		0
590		0
591		0
592		0
593		0
594		0
595		0
596		0
597		0
598		0
599		0
600		0
601		0
602		0
603		0
604		0
605		0
606		0
607		0
608		0
609		0
610		0
611		0
612		0
613		0
614		0
615		0
616		0
617		0
618		0
619		0
620		0
621		0
622		0
623		0
624		0
625		0
626		0
627		0
628		0
629		0
630		0
631		0
632		0
633		0
634		0
635		0
636		0
637		0
638		0
639		0
640		0
641		0
642		0
643		0
644		0
645		0
646		0
647		0
648		0
649		0
650		0
651		0
652		0
653		0
654		0
655		0
656		0
657		0
658		0
659		0
660		0
661		0
662		0
663		0
664		0
665		0
666		0
667		0
668		0
669		0
670		0
671		0
672		0
673		0
674		0
675		0
676		0
677		0
678		0
679		0
680		0
681		0
682		0
683		0
684		0
685		0
686		0
687		0
688		0
689		0
690		0
691		0
692		0
693		0
694		0
695		0
696		0
697		0
698		0
699		0
700		0
701		0
702		0
703		0
704		0
705		0
706		0
707		0
708		0
709		0
710		0
711		0
712		0
713		0
714		0
715		0
716		0
717		0
718		0
719		0
720		0
721		0
722		0
723		0
724		0
725		0
726		0
727		0
728		0
729		0
730		0
731		1
732		0
733		0
734		0
735		0
736		0
737		0
738		0
739		0
740		0
741		0
742		0
743		0
744		0
745		0
746		0
747		0
748		0
749		0
750		0
751		0
752		0
753		0
754		0
755		0
756		0
757		0
758		0
759		0
760		0
761		0
762		0
763		0
764		0
765		0
766		0
767		0
768		0
769		0
770		0
771		0
772		0
773		0
774		0
775		0
776		0
777		0
778		0
779		0
780		0
781		0
782		0
783		0
784		0
785		0
786		0
787		0
788		0
789		0
790		0
791		0
792		0
793		0
794		0
795		0
796		0
797		0
798		0
799		0
800		0
801		0
802		0
803		0
804		0
805		0
806		0
807		0
808		0
809		0
810		0
811		0
812		0
813		0
814		0
815		0
816		0
817		0
818		0
819		0
820		0
821		0
822		0
823		0
824		0
825		0
826		0
827		0
828		0
829		0
830		0
831		0
832		0
833		0
834		0
835		0
836		0
837		0
838		0
839		0
840		0
841		0
842		0
843		0
844		0
845		0
846		0
847		1
848		0
849		0
850		0
851		0
852		0
853		0
854		0
855		0
856		0
857		0
858		0
859		0
860		0
861		0
862		0
863		0
864		0
865		0
866		0
867		0
868		0
869		0
870		0
871		0
872		0
873		1
874		0
875		0
876		0
877		0
878		0
879		0
880		0
881		0
882		0
883		0
884		0
885		0
886		0
887		0
888		0
889		0
890		0
891		0
892		0
893		0
894		0
895		0
896		1
897		0
898		0
899		0
900		0
901		0
902		0
903		0
904		0
905		0
906		0
907		0
908		0
909		0
910		0
911		0
912		0
913		0
914		0
915		0
916		0
917		0
918		0
919		0
920		0
921		0
922		0
923		0
924		0
925		0
926		0
927		0
928		0
929		0
930		0
931		0
932		0
933		0
934		0
935		0
936		0
937		0
938		0
939		0
940		0
941		0
942		0
943		0
944		0
945		0
946		0
947		0
948		0
949		0
950		0
951		0
952		0
953		0
954		0
955		0
956		0
957		0
958		0
959		0
960		0
961		0
962		0
963		0
964		0
965		0
966		0
967		0
968		0
969		0
970		0
971		0
972		0
973		0
974		0
975		0
976		0
977		0
978		0
979		0
980		0
981		0
982		0
983		0
984		0
985		0
986		0
987		0
988		0
989		0
990		0
991		0
992		0
993		0
994		0
995		0
996		0
997		0
998		0
999		0
1000		0
1001		0
1002		0
1003		1
1004		0
1005		0
1006		0
1007		0
1008		0
1009		0
1010		0
1011		0
1012		0
1013		0
1014		0
1015		0
1016		0
1017		0
1018		0
1019		0
1020		0
1021		0
1022		0
1023		0
