 Frequency [Hz] - Resonance Curve	Volatge [V] - Resonance Curve	
1001.50	0.16	
1003.00	0.16	
1004.50	0.16	
1006.00	0.16	
1007.50	0.16	
1009.00	0.16	
1010.50	0.16	
1012.00	0.16	
1013.50	0.15	
1015.00	0.15	
1016.50	0.15	
1018.00	0.15	
1019.50	0.15	
1021.00	0.15	
1022.50	0.15	
1024.00	0.15	
1025.50	0.15	
1027.00	0.15	
1028.50	0.15	
1030.00	0.15	
1031.50	0.15	
1033.00	0.15	
1034.50	0.15	
1036.00	0.15	
1037.50	0.15	
1039.00	0.15	
1040.50	0.15	
1042.00	0.15	
1043.50	0.15	
1045.00	0.15	
1046.50	0.15	
1048.00	0.15	
1049.50	0.15	
1051.00	0.15	
1052.50	0.15	
1054.00	0.15	
1055.50	0.14	
1057.00	0.14	
1058.50	0.14	
1060.00	0.14	
1061.50	0.14	
1063.00	0.14	
1064.50	0.14	
1066.00	0.14	
1067.50	0.14	
1069.00	0.14	
1070.50	0.14	
1072.00	0.14	
1073.50	0.14	
1075.00	0.14	
1076.50	0.14	
1078.00	0.14	
1079.50	0.14	
1081.00	0.14	
1082.50	0.14	
1084.00	0.14	
1085.50	0.14	
1087.00	0.14	
1088.50	0.14	
1090.00	0.14	
1091.50	0.14	
1093.00	0.14	
1094.50	0.14	
1096.00	0.14	
1097.50	0.14	
1099.00	0.14	
1100.50	0.13	
1102.00	0.13	
1103.50	0.13	
1105.00	0.13	
1106.50	0.13	
1108.00	0.13	
1109.50	0.13	
1111.00	0.13	
1112.50	0.13	
1114.00	0.13	
1115.50	0.13	
1117.00	0.13	
1118.50	0.13	
1120.00	0.13	
1121.50	0.13	
1123.00	0.13	
1124.50	0.13	
1126.00	0.13	
1127.50	0.13	
1129.00	0.13	
1130.50	0.13	
1132.00	0.13	
1133.50	0.13	
1135.00	0.13	
1136.50	0.13	
1138.00	0.13	
1139.50	0.13	
1141.00	0.13	
1142.50	0.13	
1144.00	0.13	
1145.50	0.12	
1147.00	0.12	
1148.50	0.12	
1150.00	0.12	
1151.50	0.12	
1153.00	0.12	
1154.50	0.12	
1156.00	0.12	
1157.50	0.12	
1159.00	0.12	
1160.50	0.12	
1162.00	0.12	
1163.50	0.12	
1165.00	0.12	
1166.50	0.12	
1168.00	0.12	
1169.50	0.12	
1171.00	0.12	
1172.50	0.12	
1174.00	0.12	
1175.50	0.12	
1177.00	0.12	
1178.50	0.12	
1180.00	0.12	
1181.50	0.12	
1183.00	0.12	
1184.50	0.12	
1186.00	0.12	
1187.50	0.12	
1189.00	0.12	
1190.50	0.12	
1192.00	0.12	
1193.50	0.11	
1195.00	0.11	
1196.50	0.11	
1198.00	0.11	
1199.50	0.11	
1201.00	0.11	
1202.50	0.11	
1204.00	0.11	
1205.50	0.11	
1207.00	0.11	
1208.50	0.11	
1210.00	0.11	
1211.50	0.11	
1213.00	0.11	
1214.50	0.11	
1216.00	0.11	
1217.50	0.11	
1219.00	0.11	
1220.50	0.11	
1222.00	0.11	
1223.50	0.11	
1225.00	0.11	
1226.50	0.11	
1228.00	0.11	
1229.50	0.11	
1231.00	0.11	
1232.50	0.11	
1234.00	0.11	
1235.50	0.11	
1237.00	0.11	
1238.50	0.11	
1240.00	0.11	
1241.50	0.11	
1243.00	0.11	
1244.50	0.10	
1246.00	0.10	
1247.50	0.10	
1249.00	0.10	
1250.50	0.10	
1252.00	0.10	
1253.50	0.10	
1255.00	0.10	
1256.50	0.10	
1258.00	0.10	
1259.50	0.10	
1261.00	0.10	
1262.50	0.10	
1264.00	0.10	
1265.50	0.10	
1267.00	0.10	
1268.50	0.10	
1270.00	0.10	
1271.50	0.10	
1273.00	0.10	
1274.50	0.10	
1276.00	0.10	
1277.50	0.10	
1279.00	0.10	
1280.50	0.10	
1282.00	0.10	
1283.50	0.10	
1285.00	0.10	
1286.50	0.10	
1288.00	0.10	
1289.50	0.10	
1291.00	0.10	
1292.50	0.10	
1294.00	0.10	
1295.50	0.10	
1297.00	0.09	
1298.50	0.09	
1300.00	0.09	
1301.50	0.09	
1303.00	0.09	
1304.50	0.09	
1306.00	0.09	
1307.50	0.09	
1309.00	0.09	
1310.50	0.09	
1312.00	0.09	
1313.50	0.09	
1315.00	0.09	
1316.50	0.09	
1318.00	0.09	
1319.50	0.09	
1321.00	0.09	
1322.50	0.09	
1324.00	0.09	
1325.50	0.09	
1327.00	0.09	
1328.50	0.09	
1330.00	0.09	
1331.50	0.09	
1333.00	0.09	
1334.50	0.09	
1336.00	0.09	
1337.50	0.09	
1339.00	0.09	
1340.50	0.09	
1342.00	0.09	
1343.50	0.09	
1345.00	0.09	
1346.50	0.09	
1348.00	0.09	
1349.50	0.09	
1351.00	0.09	
1352.50	0.08	
1354.00	0.08	
1355.50	0.08	
1357.00	0.08	
1358.50	0.08	
1360.00	0.08	
1361.50	0.08	
1363.00	0.08	
1364.50	0.08	
1366.00	0.08	
1367.50	0.08	
1369.00	0.08	
1370.50	0.08	
1372.00	0.08	
1373.50	0.08	
1375.00	0.08	
1376.50	0.08	
1378.00	0.08	
1379.50	0.08	
1381.00	0.08	
1382.50	0.08	
1384.00	0.08	
1385.50	0.08	
1387.00	0.08	
1388.50	0.08	
1390.00	0.08	
1391.50	0.08	
1393.00	0.08	
1394.50	0.08	
1396.00	0.08	
1397.50	0.08	
1399.00	0.08	
1400.50	0.08	
1402.00	0.08	
1403.50	0.08	
1405.00	0.08	
1406.50	0.08	
1408.00	0.08	
1409.50	0.07	
1411.00	0.07	
1412.50	0.07	
1414.00	0.07	
1415.50	0.07	
1417.00	0.07	
1418.50	0.07	
1420.00	0.07	
1421.50	0.07	
1423.00	0.07	
1424.50	0.07	
1426.00	0.07	
1427.50	0.07	
1429.00	0.07	
1430.50	0.07	
1432.00	0.07	
1433.50	0.07	
1435.00	0.07	
1436.50	0.07	
1438.00	0.07	
1439.50	0.07	
1441.00	0.07	
1442.50	0.07	
1444.00	0.07	
1445.50	0.07	
1447.00	0.07	
1448.50	0.07	
1450.00	0.07	
1451.50	0.07	
1453.00	0.07	
1454.50	0.07	
1456.00	0.07	
1457.50	0.07	
1459.00	0.07	
1460.50	0.07	
1462.00	0.07	
1463.50	0.07	
1465.00	0.07	
1466.50	0.07	
1468.00	0.07	
1469.50	0.07	
1471.00	0.06	
1472.50	0.06	
1474.00	0.06	
1475.50	0.06	
1477.00	0.06	
1478.50	0.06	
1480.00	0.06	
1481.50	0.06	
1483.00	0.06	
1484.50	0.06	
1486.00	0.06	
1487.50	0.06	
1489.00	0.06	
1490.50	0.06	
1492.00	0.06	
1493.50	0.06	
1495.00	0.06	
1496.50	0.06	
1498.00	0.06	
1499.50	0.06	
1501.00	0.06	
1502.50	0.06	
1504.00	0.06	
1505.50	0.06	
1507.00	0.06	
1508.50	0.06	
1510.00	0.06	
1511.50	0.06	
1513.00	0.06	
1514.50	0.06	
1516.00	0.06	
1517.50	0.06	
1519.00	0.06	
1520.50	0.06	
1522.00	0.06	
1523.50	0.06	
1525.00	0.06	
1526.50	0.06	
1528.00	0.06	
1529.50	0.06	
1531.00	0.06	
1532.50	0.06	
1534.00	0.05	
1535.50	0.05	
1537.00	0.05	
1538.50	0.05	
1540.00	0.05	
1541.50	0.05	
1543.00	0.05	
1544.50	0.05	
1546.00	0.05	
1547.50	0.05	
1549.00	0.05	
1550.50	0.05	
1552.00	0.05	
1553.50	0.05	
1555.00	0.05	
1556.50	0.05	
1558.00	0.05	
1559.50	0.05	
1561.00	0.05	
1562.50	0.05	
1564.00	0.05	
1565.50	0.05	
1567.00	0.05	
1568.50	0.05	
1570.00	0.05	
1571.50	0.05	
1573.00	0.05	
1574.50	0.05	
1576.00	0.05	
1577.50	0.05	
1579.00	0.05	
1580.50	0.05	
1582.00	0.05	
1583.50	0.05	
1585.00	0.05	
1586.50	0.05	
1588.00	0.05	
1589.50	0.05	
1591.00	0.05	
1592.50	0.05	
1594.00	0.05	
1595.50	0.05	
1597.00	0.05	
1598.50	0.05	
1600.00	0.04	
1601.50	0.04	
1603.00	0.04	
1604.50	0.04	
1606.00	0.04	
1607.50	0.04	
1609.00	0.04	
1610.50	0.04	
1612.00	0.04	
1613.50	0.04	
1615.00	0.04	
1616.50	0.04	
1618.00	0.04	
1619.50	0.04	
1621.00	0.04	
1622.50	0.04	
1624.00	0.04	
1625.50	0.04	
1627.00	0.04	
1628.50	0.04	
1630.00	0.04	
1631.50	0.04	
1633.00	0.04	
1634.50	0.04	
1636.00	0.04	
1637.50	0.04	
1639.00	0.04	
1640.50	0.04	
1642.00	0.04	
1643.50	0.04	
1645.00	0.04	
1646.50	0.04	
1648.00	0.04	
1649.50	0.04	
1651.00	0.04	
1652.50	0.04	
1654.00	0.04	
1655.50	0.04	
1657.00	0.04	
1658.50	0.04	
1660.00	0.04	
1661.50	0.04	
1663.00	0.04	
1664.50	0.04	
1666.00	0.04	
1667.50	0.04	
1669.00	0.03	
1670.50	0.03	
1672.00	0.03	
1673.50	0.03	
1675.00	0.03	
1676.50	0.03	
1678.00	0.03	
1679.50	0.03	
1681.00	0.03	
1682.50	0.03	
1684.00	0.03	
1685.50	0.03	
1687.00	0.03	
1688.50	0.03	
1690.00	0.03	
1691.50	0.03	
1693.00	0.03	
1694.50	0.03	
1696.00	0.03	
1697.50	0.03	
1699.00	0.03	
1700.50	0.03	
1702.00	0.03	
1703.50	0.03	
1705.00	0.03	
1706.50	0.03	
1708.00	0.03	
1709.50	0.03	
1711.00	0.03	
1712.50	0.03	
1714.00	0.03	
1715.50	0.03	
1717.00	0.03	
1718.50	0.03	
1720.00	0.03	
1721.50	0.03	
1723.00	0.03	
1724.50	0.03	
1726.00	0.03	
1727.50	0.03	
1729.00	0.03	
1730.50	0.03	
1732.00	0.03	
1733.50	0.03	
1735.00	0.03	
1736.50	0.03	
1738.00	0.03	
1739.50	0.03	
1741.00	0.02	
1742.50	0.02	
1744.00	0.02	
1745.50	0.02	
1747.00	0.02	
1748.50	0.02	
1750.00	0.02	
1751.50	0.02	
1753.00	0.02	
1754.50	0.02	
1756.00	0.02	
1757.50	0.02	
1759.00	0.02	
1760.50	0.02	
1762.00	0.02	
1763.50	0.02	
1765.00	0.02	
1766.50	0.02	
1768.00	0.02	
1769.50	0.02	
1771.00	0.02	
1772.50	0.02	
1774.00	0.02	
1775.50	0.02	
1777.00	0.02	
1778.50	0.02	
1780.00	0.02	
1781.50	0.02	
1783.00	0.02	
1784.50	0.02	
1786.00	0.02	
1787.50	0.02	
1789.00	0.02	
1790.50	0.02	
1792.00	0.02	
1793.50	0.02	
1795.00	0.02	
1796.50	0.02	
1798.00	0.02	
1799.50	0.02	
1801.00	0.02	
1802.50	0.02	
1804.00	0.02	
1805.50	0.02	
1807.00	0.02	
1808.50	0.02	
1810.00	0.02	
1811.50	0.02	
1813.00	0.02	
1814.50	0.02	
1816.00	0.02	
1817.50	0.01	
1819.00	0.01	
1820.50	0.01	
1822.00	0.01	
1823.50	0.01	
1825.00	0.01	
1826.50	0.01	
1828.00	0.01	
1829.50	0.01	
1831.00	0.01	
1832.50	0.01	
1834.00	0.01	
1835.50	0.01	
1837.00	0.01	
1838.50	0.01	
1840.00	0.01	
1841.50	0.01	
1843.00	0.01	
1844.50	0.01	
1846.00	0.01	
1847.50	0.01	
1849.00	0.01	
1850.50	0.01	
1852.00	0.01	
1853.50	0.01	
1855.00	0.01	
1856.50	0.01	
1858.00	0.01	
1859.50	0.01	
1861.00	0.01	
1862.50	0.01	
1864.00	0.01	
1865.50	0.01	
1867.00	0.01	
1868.50	0.01	
1870.00	0.01	
1871.50	0.01	
1873.00	0.01	
1874.50	0.01	
1876.00	0.01	
1877.50	0.01	
1879.00	0.01	
1880.50	0.01	
1882.00	0.01	
1883.50	0.01	
1885.00	0.01	
1886.50	0.01	
1888.00	0.01	
1889.50	0.01	
1891.00	0.01	
1892.50	0.01	
1894.00	0.01	
1895.50	0.01	
1897.00	0.00	
1898.50	0.00	
1900.00	0.00	
1901.50	0.00	
1903.00	0.00	
1904.50	0.00	
1906.00	0.00	
1907.50	0.00	
1909.00	0.00	
1910.50	0.00	
1912.00	0.00	
1913.50	0.00	
1915.00	0.00	
1916.50	0.00	
1918.00	0.00	
1919.50	0.00	
1921.00	0.00	
1922.50	0.00	
1924.00	0.00	
1925.50	0.00	
1927.00	0.00	
1928.50	0.00	
1930.00	0.00	
1931.50	0.00	
1933.00	0.00	
1934.50	0.00	
1936.00	0.00	
1937.50	0.00	
1939.00	0.00	
1940.50	0.00	
1942.00	0.00	
1943.50	0.00	
1945.00	0.00	
1946.50	0.00	
1948.00	0.00	
1949.50	0.00	
1951.00	0.00	
1952.50	0.00	
1954.00	0.00	
1955.50	0.00	
1957.00	0.00	
1958.50	0.00	
1960.00	0.00	
1961.50	0.00	
1963.00	0.00	
1964.50	0.00	
1966.00	0.00	
1967.50	0.00	
1969.00	0.00	
1970.50	0.00	
1972.00	0.00	
1973.50	0.00	
1975.00	0.00	
1976.50	0.00	
1978.00	0.00	
1979.50	0.01	
1981.00	0.01	
1982.50	0.01	
1984.00	0.01	
1985.50	0.01	
1987.00	0.01	
1988.50	0.01	
1990.00	0.01	
1991.50	0.01	
1993.00	0.01	
1994.50	0.01	
1996.00	0.01	
1997.50	0.01	
1999.00	0.01	
2000.50	0.01	
2002.00	0.01	
2003.50	0.01	
2005.00	0.01	
2006.50	0.01	
2008.00	0.01	
2009.50	0.01	
2011.00	0.01	
2012.50	0.01	
2014.00	0.01	
2015.50	0.01	
2017.00	0.01	
2018.50	0.01	
2020.00	0.01	
2021.50	0.01	
2023.00	0.01	
2024.50	0.01	
2026.00	0.01	
2027.50	0.01	
2029.00	0.01	
2030.50	0.01	
2032.00	0.01	
2033.50	0.01	
2035.00	0.01	
2036.50	0.01	
2038.00	0.01	
2039.50	0.01	
2041.00	0.01	
2042.50	0.01	
2044.00	0.01	
2045.50	0.01	
2047.00	0.01	
2048.50	0.01	
2050.00	0.01	
2051.50	0.01	
2053.00	0.01	
2054.50	0.01	
2056.00	0.01	
2057.50	0.01	
2059.00	0.01	
2060.50	0.01	
2062.00	0.01	
2063.50	0.01	
2065.00	0.02	
2066.50	0.02	
2068.00	0.02	
2069.50	0.02	
2071.00	0.02	
2072.50	0.02	
2074.00	0.02	
2075.50	0.02	
2077.00	0.02	
2078.50	0.02	
2080.00	0.02	
2081.50	0.02	
2083.00	0.02	
2084.50	0.02	
2086.00	0.02	
2087.50	0.02	
2089.00	0.02	
2090.50	0.02	
2092.00	0.02	
2093.50	0.02	
2095.00	0.02	
2096.50	0.02	
2098.00	0.02	
2099.50	0.02	
2101.00	0.02	
2102.50	0.02	
2104.00	0.02	
2105.50	0.02	
2107.00	0.02	
2108.50	0.02	
2110.00	0.02	
2111.50	0.02	
2113.00	0.02	
2114.50	0.02	
2116.00	0.02	
2117.50	0.02	
2119.00	0.02	
2120.50	0.02	
2122.00	0.02	
2123.50	0.02	
2125.00	0.02	
2126.50	0.02	
2128.00	0.02	
2129.50	0.02	
2131.00	0.02	
2132.50	0.02	
2134.00	0.02	
2135.50	0.02	
2137.00	0.02	
2138.50	0.02	
2140.00	0.02	
2141.50	0.02	
2143.00	0.02	
2144.50	0.02	
2146.00	0.02	
2147.50	0.02	
2149.00	0.02	
2150.50	0.02	
2152.00	0.02	
2153.50	0.02	
2155.00	0.03	
2156.50	0.03	
2158.00	0.03	
2159.50	0.03	
2161.00	0.03	
2162.50	0.03	
2164.00	0.03	
2165.50	0.03	
2167.00	0.03	
2168.50	0.03	
2170.00	0.03	
2171.50	0.03	
2173.00	0.03	
2174.50	0.03	
2176.00	0.03	
2177.50	0.03	
2179.00	0.03	
2180.50	0.03	
2182.00	0.03	
2183.50	0.03	
2185.00	0.03	
2186.50	0.03	
2188.00	0.03	
2189.50	0.03	
2191.00	0.03	
2192.50	0.03	
2194.00	0.03	
2195.50	0.03	
2197.00	0.03	
2198.50	0.03	
2200.00	0.03	
2201.50	0.03	
2203.00	0.03	
2204.50	0.03	
2206.00	0.03	
2207.50	0.03	
2209.00	0.03	
2210.50	0.03	
2212.00	0.03	
2213.50	0.03	
2215.00	0.03	
2216.50	0.03	
2218.00	0.03	
2219.50	0.03	
2221.00	0.03	
2222.50	0.03	
2224.00	0.03	
2225.50	0.03	
2227.00	0.03	
2228.50	0.03	
2230.00	0.03	
2231.50	0.03	
2233.00	0.03	
2234.50	0.03	
2236.00	0.03	
2237.50	0.03	
2239.00	0.03	
2240.50	0.03	
2242.00	0.03	
2243.50	0.03	
2245.00	0.03	
2246.50	0.03	
2248.00	0.04	
2249.50	0.04	
2251.00	0.04	
2252.50	0.04	
2254.00	0.04	
2255.50	0.04	
2257.00	0.04	
2258.50	0.04	
2260.00	0.04	
2261.50	0.04	
2263.00	0.04	
2264.50	0.04	
2266.00	0.04	
2267.50	0.04	
2269.00	0.04	
2270.50	0.04	
2272.00	0.04	
2273.50	0.04	
2275.00	0.04	
2276.50	0.04	
2278.00	0.04	
2279.50	0.04	
2281.00	0.04	
2282.50	0.04	
2284.00	0.04	
2285.50	0.04	
2287.00	0.04	
2288.50	0.04	
2290.00	0.04	
2291.50	0.04	
2293.00	0.04	
2294.50	0.04	
2296.00	0.04	
2297.50	0.04	
2299.00	0.04	
2300.50	0.04	
2302.00	0.04	
2303.50	0.04	
2305.00	0.04	
2306.50	0.04	
2308.00	0.04	
2309.50	0.04	
2311.00	0.04	
2312.50	0.04	
2314.00	0.04	
2315.50	0.04	
2317.00	0.04	
2318.50	0.04	
2320.00	0.04	
2321.50	0.04	
2323.00	0.04	
2324.50	0.04	
2326.00	0.04	
2327.50	0.04	
2329.00	0.04	
2330.50	0.04	
2332.00	0.04	
2333.50	0.04	
2335.00	0.04	
2336.50	0.04	
2338.00	0.04	
2339.50	0.04	
2341.00	0.04	
2342.50	0.04	
2344.00	0.04	
2345.50	0.05	
2347.00	0.05	
2348.50	0.05	
2350.00	0.05	
2351.50	0.05	
2353.00	0.05	
2354.50	0.05	
2356.00	0.05	
2357.50	0.05	
2359.00	0.05	
2360.50	0.05	
2362.00	0.05	
2363.50	0.05	
2365.00	0.05	
2366.50	0.05	
2368.00	0.05	
2369.50	0.05	
2371.00	0.05	
2372.50	0.05	
2374.00	0.05	
2375.50	0.05	
2377.00	0.05	
2378.50	0.05	
2380.00	0.05	
2381.50	0.05	
2383.00	0.05	
2384.50	0.05	
2386.00	0.05	
2387.50	0.05	
2389.00	0.05	
2390.50	0.05	
2392.00	0.05	
2393.50	0.05	
2395.00	0.05	
2396.50	0.05	
2398.00	0.05	
2399.50	0.05	
2401.00	0.05	
2402.50	0.05	
2404.00	0.05	
2405.50	0.05	
2407.00	0.05	
2408.50	0.05	
2410.00	0.05	
2411.50	0.05	
2413.00	0.05	
2414.50	0.05	
2416.00	0.05	
2417.50	0.05	
2419.00	0.05	
2420.50	0.05	
2422.00	0.05	
2423.50	0.05	
2425.00	0.05	
2426.50	0.05	
2428.00	0.05	
2429.50	0.05	
2431.00	0.05	
2432.50	0.05	
2434.00	0.05	
2435.50	0.05	
2437.00	0.05	
2438.50	0.05	
2440.00	0.05	
2441.50	0.05	
2443.00	0.05	
2444.50	0.05	
2446.00	0.06	
2447.50	0.06	
2449.00	0.06	
2450.50	0.06	
2452.00	0.06	
2453.50	0.06	
2455.00	0.06	
2456.50	0.06	
2458.00	0.06	
2459.50	0.06	
2461.00	0.06	
2462.50	0.06	
2464.00	0.06	
2465.50	0.06	
2467.00	0.06	
2468.50	0.06	
2470.00	0.06	
2471.50	0.06	
2473.00	0.06	
2474.50	0.06	
2476.00	0.06	
2477.50	0.06	
2479.00	0.06	
2480.50	0.06	
2482.00	0.06	
2483.50	0.06	
2485.00	0.06	
2486.50	0.06	
2488.00	0.06	
2489.50	0.06	
2491.00	0.06	
2492.50	0.06	
2494.00	0.06	
2495.50	0.06	
2497.00	0.06	
2498.50	0.06	
2500.00	0.06	
2501.50	0.06	
2503.00	0.06	
2504.50	0.06	
2506.00	0.06	
2507.50	0.06	
2509.00	0.06	
2510.50	0.06	
2512.00	0.06	
2513.50	0.06	
2515.00	0.06	
2516.50	0.06	
2518.00	0.06	
2519.50	0.06	
2521.00	0.06	
2522.50	0.06	
2524.00	0.06	
2525.50	0.06	
2527.00	0.06	
2528.50	0.06	
2530.00	0.06	
2531.50	0.06	
2533.00	0.06	
2534.50	0.06	
2536.00	0.06	
2537.50	0.06	
2539.00	0.06	
2540.50	0.06	
2542.00	0.06	
2543.50	0.06	
2545.00	0.06	
2546.50	0.06	
2548.00	0.06	
2549.50	0.06	
2551.00	0.07	
2552.50	0.07	
2554.00	0.07	
2555.50	0.07	
2557.00	0.07	
2558.50	0.07	
2560.00	0.07	
2561.50	0.07	
2563.00	0.07	
2564.50	0.07	
2566.00	0.07	
2567.50	0.07	
2569.00	0.07	
2570.50	0.07	
2572.00	0.07	
2573.50	0.07	
2575.00	0.07	
2576.50	0.07	
2578.00	0.07	
2579.50	0.07	
2581.00	0.07	
2582.50	0.07	
2584.00	0.07	
2585.50	0.07	
2587.00	0.07	
2588.50	0.07	
2590.00	0.07	
2591.50	0.07	
2593.00	0.07	
2594.50	0.07	
2596.00	0.07	
2597.50	0.07	
2599.00	0.07	
2600.50	0.07	
2602.00	0.07	
2603.50	0.07	
2605.00	0.07	
2606.50	0.07	
2608.00	0.07	
2609.50	0.07	
2611.00	0.07	
2612.50	0.07	
2614.00	0.07	
2615.50	0.07	
2617.00	0.07	
2618.50	0.07	
2620.00	0.07	
2621.50	0.07	
2623.00	0.07	
2624.50	0.07	
2626.00	0.07	
2627.50	0.07	
2629.00	0.07	
2630.50	0.07	
2632.00	0.07	
2633.50	0.07	
2635.00	0.07	
2636.50	0.07	
2638.00	0.07	
2639.50	0.07	
2641.00	0.07	
2642.50	0.07	
2644.00	0.07	
2645.50	0.07	
2647.00	0.07	
2648.50	0.07	
2650.00	0.07	
2651.50	0.07	
2653.00	0.07	
2654.50	0.07	
2656.00	0.07	
2657.50	0.07	
2659.00	0.07	
2660.50	0.08	
2662.00	0.08	
2663.50	0.08	
2665.00	0.08	
2666.50	0.08	
2668.00	0.08	
2669.50	0.08	
2671.00	0.08	
2672.50	0.08	
2674.00	0.08	
2675.50	0.08	
2677.00	0.08	
2678.50	0.08	
2680.00	0.08	
2681.50	0.08	
2683.00	0.08	
2684.50	0.08	
2686.00	0.08	
2687.50	0.08	
2689.00	0.08	
2690.50	0.08	
2692.00	0.08	
2693.50	0.08	
2695.00	0.08	
2696.50	0.08	
2698.00	0.08	
2699.50	0.08	
2701.00	0.08	
2702.50	0.08	
2704.00	0.08	
2705.50	0.08	
2707.00	0.08	
2708.50	0.08	
2710.00	0.08	
2711.50	0.08	
2713.00	0.08	
2714.50	0.08	
2716.00	0.08	
2717.50	0.08	
2719.00	0.08	
2720.50	0.08	
2722.00	0.08	
2723.50	0.08	
2725.00	0.08	
2726.50	0.08	
2728.00	0.08	
2729.50	0.08	
2731.00	0.08	
2732.50	0.08	
2734.00	0.08	
2735.50	0.08	
2737.00	0.08	
2738.50	0.08	
2740.00	0.08	
2741.50	0.08	
2743.00	0.08	
2744.50	0.08	
2746.00	0.08	
2747.50	0.08	
2749.00	0.08	
2750.50	0.08	
2752.00	0.08	
2753.50	0.08	
2755.00	0.08	
2756.50	0.08	
2758.00	0.08	
2759.50	0.08	
2761.00	0.08	
2762.50	0.08	
2764.00	0.08	
2765.50	0.08	
2767.00	0.08	
2768.50	0.08	
2770.00	0.08	
2771.50	0.08	
2773.00	0.08	
2774.50	0.09	
2776.00	0.09	
2777.50	0.09	
2779.00	0.09	
2780.50	0.09	
2782.00	0.09	
2783.50	0.09	
2785.00	0.09	
2786.50	0.09	
2788.00	0.09	
2789.50	0.09	
2791.00	0.09	
2792.50	0.09	
2794.00	0.09	
2795.50	0.09	
2797.00	0.09	
2798.50	0.09	
2800.00	0.09	
2801.50	0.09	
2803.00	0.09	
2804.50	0.09	
2806.00	0.09	
2807.50	0.09	
2809.00	0.09	
2810.50	0.09	
2812.00	0.09	
2813.50	0.09	
2815.00	0.09	
2816.50	0.09	
2818.00	0.09	
2819.50	0.09	
2821.00	0.09	
2822.50	0.09	
2824.00	0.09	
2825.50	0.09	
2827.00	0.09	
2828.50	0.09	
2830.00	0.09	
2831.50	0.09	
2833.00	0.09	
2834.50	0.09	
2836.00	0.09	
2837.50	0.09	
2839.00	0.09	
2840.50	0.09	
2842.00	0.09	
2843.50	0.09	
2845.00	0.09	
2846.50	0.09	
2848.00	0.09	
2849.50	0.09	
2851.00	0.09	
2852.50	0.09	
2854.00	0.09	
2855.50	0.09	
2857.00	0.09	
2858.50	0.09	
2860.00	0.09	
2861.50	0.09	
2863.00	0.09	
2864.50	0.09	
2866.00	0.09	
2867.50	0.09	
2869.00	0.09	
2870.50	0.09	
2872.00	0.09	
2873.50	0.09	
2875.00	0.09	
2876.50	0.09	
2878.00	0.09	
2879.50	0.09	
2881.00	0.09	
2882.50	0.09	
2884.00	0.09	
2885.50	0.09	
2887.00	0.09	
2888.50	0.09	
2890.00	0.09	
2891.50	0.09	
2893.00	0.10	
2894.50	0.10	
2896.00	0.10	
2897.50	0.10	
2899.00	0.10	
2900.50	0.10	
2902.00	0.10	
2903.50	0.10	
2905.00	0.10	
2906.50	0.10	
2908.00	0.10	
2909.50	0.10	
2911.00	0.10	
2912.50	0.10	
2914.00	0.10	
2915.50	0.10	
2917.00	0.10	
2918.50	0.10	
2920.00	0.10	
2921.50	0.10	
2923.00	0.10	
2924.50	0.10	
2926.00	0.10	
2927.50	0.10	
2929.00	0.10	
2930.50	0.10	
2932.00	0.10	
2933.50	0.10	
2935.00	0.10	
2936.50	0.10	
2938.00	0.10	
2939.50	0.10	
2941.00	0.10	
2942.50	0.10	
2944.00	0.10	
2945.50	0.10	
2947.00	0.10	
2948.50	0.10	
2950.00	0.10	
2951.50	0.10	
2953.00	0.10	
2954.50	0.10	
2956.00	0.10	
2957.50	0.10	
2959.00	0.10	
2960.50	0.10	
2962.00	0.10	
2963.50	0.10	
2965.00	0.10	
2966.50	0.10	
2968.00	0.10	
2969.50	0.10	
2971.00	0.10	
2972.50	0.10	
2974.00	0.10	
2975.50	0.10	
2977.00	0.10	
2978.50	0.10	
2980.00	0.10	
2981.50	0.10	
2983.00	0.10	
2984.50	0.10	
2986.00	0.10	
2987.50	0.10	
2989.00	0.10	
2990.50	0.10	
2992.00	0.10	
2993.50	0.10	
2995.00	0.10	
2996.50	0.10	
2998.00	0.10	
2999.50	0.10	
3001.00	0.10	
3002.50	0.10	
3004.00	0.10	
3005.50	0.10	
3007.00	0.10	
3008.50	0.10	
3010.00	0.10	
3011.50	0.10	
3013.00	0.10	
3014.50	0.10	
3016.00	0.11	
3017.50	0.11	
3019.00	0.11	
3020.50	0.11	
3022.00	0.11	
3023.50	0.11	
3025.00	0.11	
3026.50	0.11	
3028.00	0.11	
3029.50	0.11	
3031.00	0.11	
3032.50	0.11	
3034.00	0.11	
3035.50	0.11	
3037.00	0.11	
3038.50	0.11	
3040.00	0.11	
3041.50	0.11	
3043.00	0.11	
3044.50	0.11	
3046.00	0.11	
3047.50	0.11	
3049.00	0.11	
3050.50	0.11	
3052.00	0.11	
3053.50	0.11	
3055.00	0.11	
3056.50	0.11	
3058.00	0.11	
3059.50	0.11	
3061.00	0.11	
3062.50	0.11	
3064.00	0.11	
3065.50	0.11	
3067.00	0.11	
3068.50	0.11	
3070.00	0.11	
3071.50	0.11	
3073.00	0.11	
3074.50	0.11	
3076.00	0.11	
3077.50	0.11	
3079.00	0.11	
3080.50	0.11	
3082.00	0.11	
3083.50	0.11	
3085.00	0.11	
3086.50	0.11	
3088.00	0.11	
3089.50	0.11	
3091.00	0.11	
3092.50	0.11	
3094.00	0.11	
3095.50	0.11	
3097.00	0.11	
3098.50	0.11	
3100.00	0.11	
3101.50	0.11	
3103.00	0.11	
3104.50	0.11	
3106.00	0.11	
3107.50	0.11	
3109.00	0.11	
3110.50	0.11	
3112.00	0.11	
3113.50	0.11	
3115.00	0.11	
3116.50	0.11	
3118.00	0.11	
3119.50	0.11	
3121.00	0.11	
3122.50	0.11	
3124.00	0.11	
3125.50	0.11	
3127.00	0.11	
3128.50	0.11	
3130.00	0.11	
3131.50	0.11	
3133.00	0.11	
3134.50	0.11	
3136.00	0.11	
3137.50	0.11	
3139.00	0.11	
3140.50	0.11	
3142.00	0.11	
3143.50	0.12	
3145.00	0.12	
3146.50	0.12	
3148.00	0.12	
3149.50	0.12	
3151.00	0.12	
3152.50	0.12	
3154.00	0.12	
3155.50	0.12	
3157.00	0.12	
3158.50	0.12	
3160.00	0.12	
3161.50	0.12	
3163.00	0.12	
3164.50	0.12	
3166.00	0.12	
3167.50	0.12	
3169.00	0.12	
3170.50	0.12	
3172.00	0.12	
3173.50	0.12	
3175.00	0.12	
3176.50	0.12	
3178.00	0.12	
3179.50	0.12	
3181.00	0.12	
3182.50	0.12	
3184.00	0.12	
3185.50	0.12	
3187.00	0.12	
3188.50	0.12	
3190.00	0.12	
3191.50	0.12	
3193.00	0.12	
3194.50	0.12	
3196.00	0.12	
3197.50	0.12	
3199.00	0.12	
3200.50	0.12	
3202.00	0.12	
3203.50	0.12	
3205.00	0.12	
3206.50	0.12	
3208.00	0.12	
3209.50	0.12	
3211.00	0.12	
3212.50	0.12	
3214.00	0.12	
3215.50	0.12	
3217.00	0.12	
3218.50	0.12	
3220.00	0.12	
3221.50	0.12	
3223.00	0.12	
3224.50	0.12	
3226.00	0.12	
3227.50	0.12	
3229.00	0.12	
3230.50	0.12	
3232.00	0.12	
3233.50	0.12	
3235.00	0.12	
3236.50	0.12	
3238.00	0.12	
3239.50	0.12	
3241.00	0.12	
3242.50	0.12	
3244.00	0.12	
3245.50	0.12	
3247.00	0.12	
3248.50	0.12	
3250.00	0.12	
3251.50	0.12	
3253.00	0.12	
3254.50	0.12	
3256.00	0.12	
3257.50	0.12	
3259.00	0.12	
3260.50	0.12	
3262.00	0.12	
3263.50	0.12	
3265.00	0.12	
3266.50	0.12	
3268.00	0.12	
3269.50	0.12	
3271.00	0.12	
3272.50	0.12	
3274.00	0.12	
3275.50	0.13	
3277.00	0.13	
3278.50	0.13	
3280.00	0.13	
3281.50	0.13	
3283.00	0.13	
3284.50	0.13	
3286.00	0.13	
3287.50	0.13	
3289.00	0.13	
3290.50	0.13	
3292.00	0.13	
3293.50	0.13	
3295.00	0.13	
3296.50	0.13	
3298.00	0.13	
3299.50	0.13	
3301.00	0.13	
3302.50	0.13	
3304.00	0.13	
3305.50	0.13	
3307.00	0.13	
3308.50	0.13	
3310.00	0.13	
3311.50	0.13	
3313.00	0.13	
3314.50	0.13	
3316.00	0.13	
3317.50	0.13	
3319.00	0.13	
3320.50	0.13	
3322.00	0.13	
3323.50	0.13	
3325.00	0.13	
3326.50	0.13	
3328.00	0.13	
3329.50	0.13	
3331.00	0.13	
3332.50	0.13	
3334.00	0.13	
3335.50	0.13	
3337.00	0.13	
3338.50	0.13	
3340.00	0.13	
3341.50	0.13	
3343.00	0.13	
3344.50	0.13	
3346.00	0.13	
3347.50	0.13	
3349.00	0.13	
3350.50	0.13	
3352.00	0.13	
3353.50	0.13	
3355.00	0.13	
3356.50	0.13	
3358.00	0.13	
3359.50	0.13	
3361.00	0.13	
3362.50	0.13	
3364.00	0.13	
3365.50	0.13	
3367.00	0.13	
3368.50	0.13	
3370.00	0.13	
3371.50	0.13	
3373.00	0.13	
3374.50	0.13	
3376.00	0.13	
3377.50	0.13	
3379.00	0.13	
3380.50	0.13	
3382.00	0.13	
3383.50	0.13	
3385.00	0.13	
3386.50	0.13	
3388.00	0.13	
3389.50	0.13	
3391.00	0.13	
3392.50	0.13	
3394.00	0.13	
3395.50	0.13	
3397.00	0.13	
3398.50	0.13	
3400.00	0.13	
3401.50	0.13	
3403.00	0.13	
3404.50	0.13	
3406.00	0.13	
3407.50	0.13	
3409.00	0.13	
3410.50	0.13	
3412.00	0.14	
3413.50	0.14	
3415.00	0.14	
3416.50	0.14	
3418.00	0.14	
3419.50	0.14	
3421.00	0.14	
3422.50	0.14	
3424.00	0.14	
3425.50	0.14	
3427.00	0.14	
3428.50	0.14	
3430.00	0.14	
3431.50	0.14	
3433.00	0.14	
3434.50	0.14	
3436.00	0.14	
3437.50	0.14	
3439.00	0.14	
3440.50	0.14	
3442.00	0.14	
3443.50	0.14	
3445.00	0.14	
3446.50	0.14	
3448.00	0.14	
3449.50	0.14	
3451.00	0.14	
3452.50	0.14	
3454.00	0.14	
3455.50	0.14	
3457.00	0.14	
3458.50	0.14	
3460.00	0.14	
3461.50	0.14	
3463.00	0.14	
3464.50	0.14	
3466.00	0.14	
3467.50	0.14	
3469.00	0.14	
3470.50	0.14	
3472.00	0.14	
3473.50	0.14	
3475.00	0.14	
3476.50	0.14	
3478.00	0.14	
3479.50	0.14	
3481.00	0.14	
3482.50	0.14	
3484.00	0.14	
3485.50	0.14	
3487.00	0.14	
3488.50	0.14	
3490.00	0.14	
3491.50	0.14	
3493.00	0.14	
3494.50	0.14	
3496.00	0.14	
3497.50	0.14	
3499.00	0.14	
3500.50	0.14	
3502.00	0.14	
3503.50	0.14	
3505.00	0.14	
3506.50	0.14	
3508.00	0.14	
3509.50	0.14	
3511.00	0.14	
3512.50	0.14	
3514.00	0.14	
3515.50	0.14	
3517.00	0.14	
3518.50	0.14	
3520.00	0.14	
3521.50	0.14	
3523.00	0.14	
3524.50	0.14	
3526.00	0.14	
3527.50	0.14	
3529.00	0.14	
3530.50	0.14	
3532.00	0.14	
3533.50	0.14	
3535.00	0.14	
3536.50	0.14	
3538.00	0.14	
3539.50	0.14	
3541.00	0.14	
3542.50	0.14	
3544.00	0.14	
3545.50	0.14	
3547.00	0.14	
3548.50	0.14	
3550.00	0.14	
3551.50	0.14	
3553.00	0.14	
3554.50	0.15	
3556.00	0.15	
3557.50	0.15	
3559.00	0.15	
3560.50	0.15	
3562.00	0.15	
3563.50	0.15	
3565.00	0.15	
3566.50	0.15	
3568.00	0.15	
3569.50	0.15	
3571.00	0.15	
3572.50	0.15	
3574.00	0.15	
3575.50	0.15	
3577.00	0.15	
3578.50	0.15	
3580.00	0.15	
3581.50	0.15	
3583.00	0.15	
3584.50	0.15	
3586.00	0.15	
3587.50	0.15	
3589.00	0.15	
3590.50	0.15	
3592.00	0.15	
3593.50	0.15	
3595.00	0.15	
3596.50	0.15	
3598.00	0.15	
3599.50	0.15	
3601.00	0.15	
3602.50	0.15	
3604.00	0.15	
3605.50	0.15	
3607.00	0.15	
3608.50	0.15	
3610.00	0.15	
3611.50	0.15	
3613.00	0.15	
3614.50	0.15	
3616.00	0.15	
3617.50	0.15	
3619.00	0.15	
3620.50	0.15	
3622.00	0.15	
3623.50	0.15	
3625.00	0.15	
3626.50	0.15	
3628.00	0.15	
3629.50	0.15	
3631.00	0.15	
3632.50	0.15	
3634.00	0.15	
3635.50	0.15	
3637.00	0.15	
3638.50	0.15	
3640.00	0.15	
3641.50	0.15	
3643.00	0.15	
3644.50	0.15	
3646.00	0.15	
3647.50	0.15	
3649.00	0.15	
3650.50	0.15	
3652.00	0.15	
3653.50	0.15	
3655.00	0.15	
3656.50	0.15	
3658.00	0.15	
3659.50	0.15	
3661.00	0.15	
3662.50	0.15	
3664.00	0.15	
3665.50	0.15	
3667.00	0.15	
3668.50	0.15	
3670.00	0.15	
3671.50	0.15	
3673.00	0.15	
3674.50	0.15	
3676.00	0.15	
3677.50	0.15	
3679.00	0.15	
3680.50	0.15	
3682.00	0.15	
3683.50	0.15	
3685.00	0.15	
3686.50	0.15	
3688.00	0.15	
3689.50	0.15	
3691.00	0.15	
3692.50	0.15	
3694.00	0.15	
3695.50	0.15	
3697.00	0.15	
3698.50	0.15	
3700.00	0.15	
3701.50	0.15	
3703.00	0.16	
3704.50	0.16	
3706.00	0.16	
3707.50	0.16	
3709.00	0.16	
3710.50	0.16	
3712.00	0.16	
3713.50	0.16	
3715.00	0.16	
3716.50	0.16	
3718.00	0.16	
3719.50	0.16	
3721.00	0.16	
3722.50	0.16	
3724.00	0.16	
3725.50	0.16	
3727.00	0.16	
3728.50	0.16	
3730.00	0.16	
3731.50	0.16	
3733.00	0.16	
3734.50	0.16	
3736.00	0.16	
3737.50	0.16	
3739.00	0.16	
3740.50	0.16	
3742.00	0.16	
3743.50	0.16	
3745.00	0.16	
3746.50	0.16	
3748.00	0.16	
3749.50	0.16	
3751.00	0.16	
3752.50	0.16	
3754.00	0.16	
3755.50	0.16	
3757.00	0.16	
3758.50	0.16	
3760.00	0.16	
3761.50	0.16	
3763.00	0.16	
3764.50	0.16	
3766.00	0.16	
3767.50	0.16	
3769.00	0.16	
3770.50	0.16	
3772.00	0.16	
3773.50	0.16	
3775.00	0.16	
3776.50	0.16	
3778.00	0.16	
3779.50	0.16	
3781.00	0.16	
3782.50	0.16	
3784.00	0.16	
3785.50	0.16	
3787.00	0.16	
3788.50	0.16	
3790.00	0.16	
3791.50	0.16	
3793.00	0.16	
3794.50	0.16	
3796.00	0.16	
3797.50	0.16	
3799.00	0.16	
3800.50	0.16	
3802.00	0.16	
3803.50	0.16	
3805.00	0.16	
3806.50	0.16	
3808.00	0.16	
3809.50	0.16	
3811.00	0.16	
3812.50	0.16	
3814.00	0.16	
3815.50	0.16	
3817.00	0.16	
3818.50	0.16	
3820.00	0.16	
3821.50	0.16	
3823.00	0.16	
3824.50	0.16	
3826.00	0.16	
3827.50	0.16	
3829.00	0.16	
3830.50	0.16	
3832.00	0.16	
3833.50	0.16	
3835.00	0.16	
3836.50	0.16	
3838.00	0.16	
3839.50	0.16	
3841.00	0.16	
3842.50	0.16	
3844.00	0.16	
3845.50	0.16	
3847.00	0.16	
3848.50	0.16	
3850.00	0.16	
3851.50	0.16	
3853.00	0.16	
3854.50	0.16	
3856.00	0.17	
3857.50	0.17	
3859.00	0.17	
3860.50	0.17	
3862.00	0.17	
3863.50	0.17	
3865.00	0.17	
3866.50	0.17	
3868.00	0.17	
3869.50	0.17	
3871.00	0.17	
3872.50	0.17	
3874.00	0.17	
3875.50	0.17	
3877.00	0.17	
3878.50	0.17	
3880.00	0.17	
3881.50	0.17	
3883.00	0.17	
3884.50	0.17	
3886.00	0.17	
3887.50	0.17	
3889.00	0.17	
3890.50	0.17	
3892.00	0.17	
3893.50	0.17	
3895.00	0.17	
3896.50	0.17	
3898.00	0.17	
3899.50	0.17	
3901.00	0.17	
3902.50	0.17	
3904.00	0.17	
3905.50	0.17	
3907.00	0.17	
3908.50	0.17	
3910.00	0.17	
3911.50	0.17	
3913.00	0.17	
3914.50	0.17	
3916.00	0.17	
3917.50	0.17	
3919.00	0.17	
3920.50	0.17	
3922.00	0.17	
3923.50	0.17	
3925.00	0.17	
3926.50	0.17	
3928.00	0.17	
3929.50	0.17	
3931.00	0.17	
3932.50	0.17	
3934.00	0.17	
3935.50	0.17	
3937.00	0.17	
3938.50	0.17	
3940.00	0.17	
3941.50	0.17	
3943.00	0.17	
3944.50	0.17	
3946.00	0.17	
3947.50	0.17	
3949.00	0.17	
3950.50	0.17	
3952.00	0.17	
3953.50	0.17	
3955.00	0.17	
3956.50	0.17	
3958.00	0.17	
3959.50	0.17	
3961.00	0.17	
3962.50	0.17	
3964.00	0.17	
3965.50	0.17	
3967.00	0.17	
3968.50	0.17	
3970.00	0.17	
3971.50	0.17	
3973.00	0.17	
3974.50	0.17	
3976.00	0.17	
3977.50	0.17	
3979.00	0.17	
3980.50	0.17	
3982.00	0.17	
3983.50	0.17	
3985.00	0.17	
3986.50	0.17	
3988.00	0.17	
3989.50	0.17	
3991.00	0.17	
3992.50	0.17	
3994.00	0.17	
3995.50	0.17	
3997.00	0.17	
3998.50	0.17	
4000.00	0.17	
