 Frequency [Hz] - Resonance Curve	Voltage [V] - Resonance Curve	
1001.50	0.16	
1003.00	0.16	
1004.50	0.16	
1006.00	0.16	
1007.50	0.16	
1009.00	0.16	
1010.50	0.16	
1012.00	0.16	
1013.50	0.16	
1015.00	0.16	
1016.50	0.16	
1018.00	0.16	
1019.50	0.16	
1021.00	0.16	
1022.50	0.16	
1024.00	0.16	
1025.50	0.16	
1027.00	0.16	
1028.50	0.16	
1030.00	0.16	
1031.50	0.16	
1033.00	0.17	
1034.50	0.17	
1036.00	0.17	
1037.50	0.17	
1039.00	0.17	
1040.50	0.17	
1042.00	0.17	
1043.50	0.17	
1045.00	0.17	
1046.50	0.17	
1048.00	0.17	
1049.50	0.17	
1051.00	0.17	
1052.50	0.17	
1054.00	0.17	
1055.50	0.17	
1057.00	0.17	
1058.50	0.17	
1060.00	0.17	
1061.50	0.17	
1063.00	0.17	
1064.50	0.17	
1066.00	0.17	
1067.50	0.17	
1069.00	0.17	
1070.50	0.18	
1072.00	0.18	
1073.50	0.18	
1075.00	0.18	
1076.50	0.18	
1078.00	0.18	
1079.50	0.18	
1081.00	0.18	
1082.50	0.18	
1084.00	0.18	
1085.50	0.18	
1087.00	0.18	
1088.50	0.18	
1090.00	0.18	
1091.50	0.18	
1093.00	0.18	
1094.50	0.18	
1096.00	0.18	
1097.50	0.18	
1099.00	0.18	
1100.50	0.18	
1102.00	0.18	
1103.50	0.18	
1105.00	0.18	
1106.50	0.19	
1108.00	0.19	
1109.50	0.19	
1111.00	0.19	
1112.50	0.19	
1114.00	0.19	
1115.50	0.19	
1117.00	0.19	
1118.50	0.19	
1120.00	0.19	
1121.50	0.19	
1123.00	0.19	
1124.50	0.19	
1126.00	0.19	
1127.50	0.19	
1129.00	0.19	
1130.50	0.19	
1132.00	0.19	
1133.50	0.19	
1135.00	0.19	
1136.50	0.19	
1138.00	0.19	
1139.50	0.19	
1141.00	0.20	
1142.50	0.20	
1144.00	0.20	
1145.50	0.20	
1147.00	0.20	
1148.50	0.20	
1150.00	0.20	
1151.50	0.20	
1153.00	0.20	
1154.50	0.20	
1156.00	0.20	
1157.50	0.20	
1159.00	0.20	
1160.50	0.20	
1162.00	0.20	
1163.50	0.20	
1165.00	0.20	
1166.50	0.20	
1168.00	0.20	
1169.50	0.20	
1171.00	0.20	
1172.50	0.20	
1174.00	0.21	
1175.50	0.21	
1177.00	0.21	
1178.50	0.21	
1180.00	0.21	
1181.50	0.21	
1183.00	0.21	
1184.50	0.21	
1186.00	0.21	
1187.50	0.21	
1189.00	0.21	
1190.50	0.21	
1192.00	0.21	
1193.50	0.21	
1195.00	0.21	
1196.50	0.21	
1198.00	0.21	
1199.50	0.21	
1201.00	0.21	
1202.50	0.21	
1204.00	0.21	
1205.50	0.22	
1207.00	0.22	
1208.50	0.22	
1210.00	0.22	
1211.50	0.22	
1213.00	0.22	
1214.50	0.22	
1216.00	0.22	
1217.50	0.22	
1219.00	0.22	
1220.50	0.22	
1222.00	0.22	
1223.50	0.22	
1225.00	0.22	
1226.50	0.22	
1228.00	0.22	
1229.50	0.22	
1231.00	0.22	
1232.50	0.22	
1234.00	0.23	
1235.50	0.23	
1237.00	0.23	
1238.50	0.23	
1240.00	0.23	
1241.50	0.23	
1243.00	0.23	
1244.50	0.23	
1246.00	0.23	
1247.50	0.23	
1249.00	0.23	
1250.50	0.23	
1252.00	0.23	
1253.50	0.23	
1255.00	0.23	
1256.50	0.23	
1258.00	0.23	
1259.50	0.23	
1261.00	0.23	
1262.50	0.24	
1264.00	0.24	
1265.50	0.24	
1267.00	0.24	
1268.50	0.24	
1270.00	0.24	
1271.50	0.24	
1273.00	0.24	
1274.50	0.24	
1276.00	0.24	
1277.50	0.24	
1279.00	0.24	
1280.50	0.24	
1282.00	0.24	
1283.50	0.24	
1285.00	0.24	
1286.50	0.24	
1288.00	0.24	
1289.50	0.24	
1291.00	0.25	
1292.50	0.25	
1294.00	0.25	
1295.50	0.25	
1297.00	0.25	
1298.50	0.25	
1300.00	0.25	
1301.50	0.25	
1303.00	0.25	
1304.50	0.25	
1306.00	0.25	
1307.50	0.25	
1309.00	0.25	
1310.50	0.25	
1312.00	0.25	
1313.50	0.25	
1315.00	0.25	
1316.50	0.26	
1318.00	0.26	
1319.50	0.26	
1321.00	0.26	
1322.50	0.26	
1324.00	0.26	
1325.50	0.26	
1327.00	0.26	
1328.50	0.26	
1330.00	0.26	
1331.50	0.26	
1333.00	0.26	
1334.50	0.26	
1336.00	0.26	
1337.50	0.26	
1339.00	0.26	
1340.50	0.26	
1342.00	0.27	
1343.50	0.27	
1345.00	0.27	
1346.50	0.27	
1348.00	0.27	
1349.50	0.27	
1351.00	0.27	
1352.50	0.27	
1354.00	0.27	
1355.50	0.27	
1357.00	0.27	
1358.50	0.27	
1360.00	0.27	
1361.50	0.27	
1363.00	0.27	
1364.50	0.27	
1366.00	0.28	
1367.50	0.28	
1369.00	0.28	
1370.50	0.28	
1372.00	0.28	
1373.50	0.28	
1375.00	0.28	
1376.50	0.28	
1378.00	0.28	
1379.50	0.28	
1381.00	0.28	
1382.50	0.28	
1384.00	0.28	
1385.50	0.28	
1387.00	0.28	
1388.50	0.28	
1390.00	0.29	
1391.50	0.29	
1393.00	0.29	
1394.50	0.29	
1396.00	0.29	
1397.50	0.29	
1399.00	0.29	
1400.50	0.29	
1402.00	0.29	
1403.50	0.29	
1405.00	0.29	
1406.50	0.29	
1408.00	0.29	
1409.50	0.29	
1411.00	0.29	
1412.50	0.30	
1414.00	0.30	
1415.50	0.30	
1417.00	0.30	
1418.50	0.30	
1420.00	0.30	
1421.50	0.30	
1423.00	0.30	
1424.50	0.30	
1426.00	0.30	
1427.50	0.30	
1429.00	0.30	
1430.50	0.30	
1432.00	0.30	
1433.50	0.30	
1435.00	0.31	
1436.50	0.31	
1438.00	0.31	
1439.50	0.31	
1441.00	0.31	
1442.50	0.31	
1444.00	0.31	
1445.50	0.31	
1447.00	0.31	
1448.50	0.31	
1450.00	0.31	
1451.50	0.31	
1453.00	0.31	
1454.50	0.31	
1456.00	0.32	
1457.50	0.32	
1459.00	0.32	
1460.50	0.32	
1462.00	0.32	
1463.50	0.32	
1465.00	0.32	
1466.50	0.32	
1468.00	0.32	
1469.50	0.32	
1471.00	0.32	
1472.50	0.32	
1474.00	0.32	
1475.50	0.32	
1477.00	0.33	
1478.50	0.33	
1480.00	0.33	
1481.50	0.33	
1483.00	0.33	
1484.50	0.33	
1486.00	0.33	
1487.50	0.33	
1489.00	0.33	
1490.50	0.33	
1492.00	0.33	
1493.50	0.33	
1495.00	0.33	
1496.50	0.33	
1498.00	0.34	
1499.50	0.34	
1501.00	0.34	
1502.50	0.34	
1504.00	0.34	
1505.50	0.34	
1507.00	0.34	
1508.50	0.34	
1510.00	0.34	
1511.50	0.34	
1513.00	0.34	
1514.50	0.34	
1516.00	0.34	
1517.50	0.35	
1519.00	0.35	
1520.50	0.35	
1522.00	0.35	
1523.50	0.35	
1525.00	0.35	
1526.50	0.35	
1528.00	0.35	
1529.50	0.35	
1531.00	0.35	
1532.50	0.35	
1534.00	0.35	
1535.50	0.35	
1537.00	0.35	
1538.50	0.36	
1540.00	0.36	
1541.50	0.36	
1543.00	0.36	
1544.50	0.36	
1546.00	0.36	
1547.50	0.36	
1549.00	0.36	
1550.50	0.36	
1552.00	0.36	
1553.50	0.36	
1555.00	0.36	
1556.50	0.36	
1558.00	0.37	
1559.50	0.37	
1561.00	0.37	
1562.50	0.37	
1564.00	0.37	
1565.50	0.37	
1567.00	0.37	
1568.50	0.37	
1570.00	0.37	
1571.50	0.37	
1573.00	0.37	
1574.50	0.37	
1576.00	0.37	
1577.50	0.38	
1579.00	0.38	
1580.50	0.38	
1582.00	0.38	
1583.50	0.38	
1585.00	0.38	
1586.50	0.38	
1588.00	0.38	
1589.50	0.38	
1591.00	0.38	
1592.50	0.38	
1594.00	0.38	
1595.50	0.38	
1597.00	0.39	
1598.50	0.39	
1600.00	0.39	
1601.50	0.39	
1603.00	0.39	
1604.50	0.39	
1606.00	0.39	
1607.50	0.39	
1609.00	0.39	
1610.50	0.39	
1612.00	0.39	
1613.50	0.39	
1615.00	0.39	
1616.50	0.40	
1618.00	0.40	
1619.50	0.40	
1621.00	0.40	
1622.50	0.40	
1624.00	0.40	
1625.50	0.40	
1627.00	0.40	
1628.50	0.40	
1630.00	0.40	
1631.50	0.40	
1633.00	0.40	
1634.50	0.40	
1636.00	0.41	
1637.50	0.41	
1639.00	0.41	
1640.50	0.41	
1642.00	0.41	
1643.50	0.41	
1645.00	0.41	
1646.50	0.41	
1648.00	0.41	
1649.50	0.41	
1651.00	0.41	
1652.50	0.41	
1654.00	0.41	
1655.50	0.42	
1657.00	0.42	
1658.50	0.42	
1660.00	0.42	
1661.50	0.42	
1663.00	0.42	
1664.50	0.42	
1666.00	0.42	
1667.50	0.42	
1669.00	0.42	
1670.50	0.42	
1672.00	0.42	
1673.50	0.42	
1675.00	0.43	
1676.50	0.43	
1678.00	0.43	
1679.50	0.43	
1681.00	0.43	
1682.50	0.43	
1684.00	0.43	
1685.50	0.43	
1687.00	0.43	
1688.50	0.43	
1690.00	0.43	
1691.50	0.43	
1693.00	0.43	
1694.50	0.43	
1696.00	0.44	
1697.50	0.44	
1699.00	0.44	
1700.50	0.44	
1702.00	0.44	
1703.50	0.44	
1705.00	0.44	
1706.50	0.44	
1708.00	0.44	
1709.50	0.44	
1711.00	0.44	
1712.50	0.44	
1714.00	0.44	
1715.50	0.44	
1717.00	0.44	
1718.50	0.45	
1720.00	0.45	
1721.50	0.45	
1723.00	0.45	
1724.50	0.45	
1726.00	0.45	
1727.50	0.45	
1729.00	0.45	
1730.50	0.45	
1732.00	0.45	
1733.50	0.45	
1735.00	0.45	
1736.50	0.45	
1738.00	0.45	
1739.50	0.45	
1741.00	0.46	
1742.50	0.46	
1744.00	0.46	
1745.50	0.46	
1747.00	0.46	
1748.50	0.46	
1750.00	0.46	
1751.50	0.46	
1753.00	0.46	
1754.50	0.46	
1756.00	0.46	
1757.50	0.46	
1759.00	0.46	
1760.50	0.46	
1762.00	0.46	
1763.50	0.46	
1765.00	0.47	
1766.50	0.47	
1768.00	0.47	
1769.50	0.47	
1771.00	0.47	
1772.50	0.47	
1774.00	0.47	
1775.50	0.47	
1777.00	0.47	
1778.50	0.47	
1780.00	0.47	
1781.50	0.47	
1783.00	0.47	
1784.50	0.47	
1786.00	0.47	
1787.50	0.47	
1789.00	0.47	
1790.50	0.47	
1792.00	0.47	
1793.50	0.48	
1795.00	0.48	
1796.50	0.48	
1798.00	0.48	
1799.50	0.48	
1801.00	0.48	
1802.50	0.48	
1804.00	0.48	
1805.50	0.48	
1807.00	0.48	
1808.50	0.48	
1810.00	0.48	
1811.50	0.48	
1813.00	0.48	
1814.50	0.48	
1816.00	0.48	
1817.50	0.48	
1819.00	0.48	
1820.50	0.48	
1822.00	0.48	
1823.50	0.48	
1825.00	0.48	
1826.50	0.49	
1828.00	0.49	
1829.50	0.49	
1831.00	0.49	
1832.50	0.49	
1834.00	0.49	
1835.50	0.49	
1837.00	0.49	
1838.50	0.49	
1840.00	0.49	
1841.50	0.49	
1843.00	0.49	
1844.50	0.49	
1846.00	0.49	
1847.50	0.49	
1849.00	0.49	
1850.50	0.49	
1852.00	0.49	
1853.50	0.49	
1855.00	0.49	
1856.50	0.49	
1858.00	0.49	
1859.50	0.49	
1861.00	0.49	
1862.50	0.49	
1864.00	0.49	
1865.50	0.49	
1867.00	0.49	
1868.50	0.49	
1870.00	0.49	
1871.50	0.49	
1873.00	0.50	
1874.50	0.50	
1876.00	0.50	
1877.50	0.50	
1879.00	0.50	
1880.50	0.50	
1882.00	0.50	
1883.50	0.50	
1885.00	0.50	
1886.50	0.50	
1888.00	0.50	
1889.50	0.50	
1891.00	0.50	
1892.50	0.50	
1894.00	0.50	
1895.50	0.50	
1897.00	0.50	
1898.50	0.50	
1900.00	0.50	
1901.50	0.50	
1903.00	0.50	
1904.50	0.50	
1906.00	0.50	
1907.50	0.50	
1909.00	0.50	
1910.50	0.50	
1912.00	0.50	
1913.50	0.50	
1915.00	0.50	
1916.50	0.50	
1918.00	0.50	
1919.50	0.50	
1921.00	0.50	
1922.50	0.50	
1924.00	0.50	
1925.50	0.50	
1927.00	0.50	
1928.50	0.50	
1930.00	0.50	
1931.50	0.50	
1933.00	0.50	
1934.50	0.50	
1936.00	0.50	
1937.50	0.50	
1939.00	0.50	
1940.50	0.50	
1942.00	0.50	
1943.50	0.50	
1945.00	0.50	
1946.50	0.50	
1948.00	0.50	
1949.50	0.50	
1951.00	0.50	
1952.50	0.50	
1954.00	0.50	
1955.50	0.50	
1957.00	0.50	
1958.50	0.50	
1960.00	0.50	
1961.50	0.50	
1963.00	0.50	
1964.50	0.50	
1966.00	0.50	
1967.50	0.50	
1969.00	0.50	
1970.50	0.50	
1972.00	0.50	
1973.50	0.50	
1975.00	0.50	
1976.50	0.50	
1978.00	0.50	
1979.50	0.50	
1981.00	0.50	
1982.50	0.50	
1984.00	0.50	
1985.50	0.50	
1987.00	0.50	
1988.50	0.50	
1990.00	0.50	
1991.50	0.50	
1993.00	0.50	
1994.50	0.50	
1996.00	0.50	
1997.50	0.50	
1999.00	0.50	
2000.50	0.50	
2002.00	0.50	
2003.50	0.49	
2005.00	0.49	
2006.50	0.49	
2008.00	0.49	
2009.50	0.49	
2011.00	0.49	
2012.50	0.49	
2014.00	0.49	
2015.50	0.49	
2017.00	0.49	
2018.50	0.49	
2020.00	0.49	
2021.50	0.49	
2023.00	0.49	
2024.50	0.49	
2026.00	0.49	
2027.50	0.49	
2029.00	0.49	
2030.50	0.49	
2032.00	0.49	
2033.50	0.49	
2035.00	0.49	
2036.50	0.49	
2038.00	0.49	
2039.50	0.49	
2041.00	0.49	
2042.50	0.49	
2044.00	0.49	
2045.50	0.49	
2047.00	0.49	
2048.50	0.49	
2050.00	0.49	
2051.50	0.49	
2053.00	0.49	
2054.50	0.48	
2056.00	0.48	
2057.50	0.48	
2059.00	0.48	
2060.50	0.48	
2062.00	0.48	
2063.50	0.48	
2065.00	0.48	
2066.50	0.48	
2068.00	0.48	
2069.50	0.48	
2071.00	0.48	
2072.50	0.48	
2074.00	0.48	
2075.50	0.48	
2077.00	0.48	
2078.50	0.48	
2080.00	0.48	
2081.50	0.48	
2083.00	0.48	
2084.50	0.48	
2086.00	0.48	
2087.50	0.48	
2089.00	0.48	
2090.50	0.48	
2092.00	0.47	
2093.50	0.47	
2095.00	0.47	
2096.50	0.47	
2098.00	0.47	
2099.50	0.47	
2101.00	0.47	
2102.50	0.47	
2104.00	0.47	
2105.50	0.47	
2107.00	0.47	
2108.50	0.47	
2110.00	0.47	
2111.50	0.47	
2113.00	0.47	
2114.50	0.47	
2116.00	0.47	
2117.50	0.47	
2119.00	0.47	
2120.50	0.47	
2122.00	0.47	
2123.50	0.47	
2125.00	0.46	
2126.50	0.46	
2128.00	0.46	
2129.50	0.46	
2131.00	0.46	
2132.50	0.46	
2134.00	0.46	
2135.50	0.46	
2137.00	0.46	
2138.50	0.46	
2140.00	0.46	
2141.50	0.46	
2143.00	0.46	
2144.50	0.46	
2146.00	0.46	
2147.50	0.46	
2149.00	0.46	
2150.50	0.46	
2152.00	0.46	
2153.50	0.46	
2155.00	0.45	
2156.50	0.45	
2158.00	0.45	
2159.50	0.45	
2161.00	0.45	
2162.50	0.45	
2164.00	0.45	
2165.50	0.45	
2167.00	0.45	
2168.50	0.45	
2170.00	0.45	
2171.50	0.45	
2173.00	0.45	
2174.50	0.45	
2176.00	0.45	
2177.50	0.45	
2179.00	0.45	
2180.50	0.45	
2182.00	0.45	
2183.50	0.44	
2185.00	0.44	
2186.50	0.44	
2188.00	0.44	
2189.50	0.44	
2191.00	0.44	
2192.50	0.44	
2194.00	0.44	
2195.50	0.44	
2197.00	0.44	
2198.50	0.44	
2200.00	0.44	
2201.50	0.44	
2203.00	0.44	
2204.50	0.44	
2206.00	0.44	
2207.50	0.44	
2209.00	0.44	
2210.50	0.44	
2212.00	0.43	
2213.50	0.43	
2215.00	0.43	
2216.50	0.43	
2218.00	0.43	
2219.50	0.43	
2221.00	0.43	
2222.50	0.43	
2224.00	0.43	
2225.50	0.43	
2227.00	0.43	
2228.50	0.43	
2230.00	0.43	
2231.50	0.43	
2233.00	0.43	
2234.50	0.43	
2236.00	0.43	
2237.50	0.43	
2239.00	0.42	
2240.50	0.42	
2242.00	0.42	
2243.50	0.42	
2245.00	0.42	
2246.50	0.42	
2248.00	0.42	
2249.50	0.42	
2251.00	0.42	
2252.50	0.42	
2254.00	0.42	
2255.50	0.42	
2257.00	0.42	
2258.50	0.42	
2260.00	0.42	
2261.50	0.42	
2263.00	0.42	
2264.50	0.42	
2266.00	0.41	
2267.50	0.41	
2269.00	0.41	
2270.50	0.41	
2272.00	0.41	
2273.50	0.41	
2275.00	0.41	
2276.50	0.41	
2278.00	0.41	
2279.50	0.41	
2281.00	0.41	
2282.50	0.41	
2284.00	0.41	
2285.50	0.41	
2287.00	0.41	
2288.50	0.41	
2290.00	0.41	
2291.50	0.41	
2293.00	0.41	
2294.50	0.40	
2296.00	0.40	
2297.50	0.40	
2299.00	0.40	
2300.50	0.40	
2302.00	0.40	
2303.50	0.40	
2305.00	0.40	
2306.50	0.40	
2308.00	0.40	
2309.50	0.40	
2311.00	0.40	
2312.50	0.40	
2314.00	0.40	
2315.50	0.40	
2317.00	0.40	
2318.50	0.40	
2320.00	0.40	
2321.50	0.39	
2323.00	0.39	
2324.50	0.39	
2326.00	0.39	
2327.50	0.39	
2329.00	0.39	
2330.50	0.39	
2332.00	0.39	
2333.50	0.39	
2335.00	0.39	
2336.50	0.39	
2338.00	0.39	
2339.50	0.39	
2341.00	0.39	
2342.50	0.39	
2344.00	0.39	
2345.50	0.39	
2347.00	0.39	
2348.50	0.39	
2350.00	0.38	
2351.50	0.38	
2353.00	0.38	
2354.50	0.38	
2356.00	0.38	
2357.50	0.38	
2359.00	0.38	
2360.50	0.38	
2362.00	0.38	
2363.50	0.38	
2365.00	0.38	
2366.50	0.38	
2368.00	0.38	
2369.50	0.38	
2371.00	0.38	
2372.50	0.38	
2374.00	0.38	
2375.50	0.38	
2377.00	0.38	
2378.50	0.37	
2380.00	0.37	
2381.50	0.37	
2383.00	0.37	
2384.50	0.37	
2386.00	0.37	
2387.50	0.37	
2389.00	0.37	
2390.50	0.37	
2392.00	0.37	
2393.50	0.37	
2395.00	0.37	
2396.50	0.37	
2398.00	0.37	
2399.50	0.37	
2401.00	0.37	
2402.50	0.37	
2404.00	0.37	
2405.50	0.37	
2407.00	0.37	
2408.50	0.36	
2410.00	0.36	
2411.50	0.36	
2413.00	0.36	
2414.50	0.36	
2416.00	0.36	
2417.50	0.36	
2419.00	0.36	
2420.50	0.36	
2422.00	0.36	
2423.50	0.36	
2425.00	0.36	
2426.50	0.36	
2428.00	0.36	
2429.50	0.36	
2431.00	0.36	
2432.50	0.36	
2434.00	0.36	
2435.50	0.36	
2437.00	0.36	
2438.50	0.36	
2440.00	0.35	
2441.50	0.35	
2443.00	0.35	
2444.50	0.35	
2446.00	0.35	
2447.50	0.35	
2449.00	0.35	
2450.50	0.35	
2452.00	0.35	
2453.50	0.35	
2455.00	0.35	
2456.50	0.35	
2458.00	0.35	
2459.50	0.35	
2461.00	0.35	
2462.50	0.35	
2464.00	0.35	
2465.50	0.35	
2467.00	0.35	
2468.50	0.35	
2470.00	0.35	
2471.50	0.34	
2473.00	0.34	
2474.50	0.34	
2476.00	0.34	
2477.50	0.34	
2479.00	0.34	
2480.50	0.34	
2482.00	0.34	
2483.50	0.34	
2485.00	0.34	
2486.50	0.34	
2488.00	0.34	
2489.50	0.34	
2491.00	0.34	
2492.50	0.34	
2494.00	0.34	
2495.50	0.34	
2497.00	0.34	
2498.50	0.34	
2500.00	0.34	
2501.50	0.34	
2503.00	0.34	
2504.50	0.34	
2506.00	0.33	
2507.50	0.33	
2509.00	0.33	
2510.50	0.33	
2512.00	0.33	
2513.50	0.33	
2515.00	0.33	
2516.50	0.33	
2518.00	0.33	
2519.50	0.33	
2521.00	0.33	
2522.50	0.33	
2524.00	0.33	
2525.50	0.33	
2527.00	0.33	
2528.50	0.33	
2530.00	0.33	
2531.50	0.33	
2533.00	0.33	
2534.50	0.33	
2536.00	0.33	
2537.50	0.33	
2539.00	0.33	
2540.50	0.32	
2542.00	0.32	
2543.50	0.32	
2545.00	0.32	
2546.50	0.32	
2548.00	0.32	
2549.50	0.32	
2551.00	0.32	
2552.50	0.32	
2554.00	0.32	
2555.50	0.32	
2557.00	0.32	
2558.50	0.32	
2560.00	0.32	
2561.50	0.32	
2563.00	0.32	
2564.50	0.32	
2566.00	0.32	
2567.50	0.32	
2569.00	0.32	
2570.50	0.32	
2572.00	0.32	
2573.50	0.32	
2575.00	0.32	
2576.50	0.31	
2578.00	0.31	
2579.50	0.31	
2581.00	0.31	
2582.50	0.31	
2584.00	0.31	
2585.50	0.31	
2587.00	0.31	
2588.50	0.31	
2590.00	0.31	
2591.50	0.31	
2593.00	0.31	
2594.50	0.31	
2596.00	0.31	
2597.50	0.31	
2599.00	0.31	
2600.50	0.31	
2602.00	0.31	
2603.50	0.31	
2605.00	0.31	
2606.50	0.31	
2608.00	0.31	
2609.50	0.31	
2611.00	0.31	
2612.50	0.31	
2614.00	0.31	
2615.50	0.30	
2617.00	0.30	
2618.50	0.30	
2620.00	0.30	
2621.50	0.30	
2623.00	0.30	
2624.50	0.30	
2626.00	0.30	
2627.50	0.30	
2629.00	0.30	
2630.50	0.30	
2632.00	0.30	
2633.50	0.30	
2635.00	0.30	
2636.50	0.30	
2638.00	0.30	
2639.50	0.30	
2641.00	0.30	
2642.50	0.30	
2644.00	0.30	
2645.50	0.30	
2647.00	0.30	
2648.50	0.30	
2650.00	0.30	
2651.50	0.30	
2653.00	0.30	
2654.50	0.30	
2656.00	0.30	
2657.50	0.29	
2659.00	0.29	
2660.50	0.29	
2662.00	0.29	
2663.50	0.29	
2665.00	0.29	
2666.50	0.29	
2668.00	0.29	
2669.50	0.29	
2671.00	0.29	
2672.50	0.29	
2674.00	0.29	
2675.50	0.29	
2677.00	0.29	
2678.50	0.29	
2680.00	0.29	
2681.50	0.29	
2683.00	0.29	
2684.50	0.29	
2686.00	0.29	
2687.50	0.29	
2689.00	0.29	
2690.50	0.29	
2692.00	0.29	
2693.50	0.29	
2695.00	0.29	
2696.50	0.29	
2698.00	0.29	
2699.50	0.29	
2701.00	0.28	
2702.50	0.28	
2704.00	0.28	
2705.50	0.28	
2707.00	0.28	
2708.50	0.28	
2710.00	0.28	
2711.50	0.28	
2713.00	0.28	
2714.50	0.28	
2716.00	0.28	
2717.50	0.28	
2719.00	0.28	
2720.50	0.28	
2722.00	0.28	
2723.50	0.28	
2725.00	0.28	
2726.50	0.28	
2728.00	0.28	
2729.50	0.28	
2731.00	0.28	
2732.50	0.28	
2734.00	0.28	
2735.50	0.28	
2737.00	0.28	
2738.50	0.28	
2740.00	0.28	
2741.50	0.28	
2743.00	0.28	
2744.50	0.28	
2746.00	0.28	
2747.50	0.27	
2749.00	0.27	
2750.50	0.27	
2752.00	0.27	
2753.50	0.27	
2755.00	0.27	
2756.50	0.27	
2758.00	0.27	
2759.50	0.27	
2761.00	0.27	
2762.50	0.27	
2764.00	0.27	
2765.50	0.27	
2767.00	0.27	
2768.50	0.27	
2770.00	0.27	
2771.50	0.27	
2773.00	0.27	
2774.50	0.27	
2776.00	0.27	
2777.50	0.27	
2779.00	0.27	
2780.50	0.27	
2782.00	0.27	
2783.50	0.27	
2785.00	0.27	
2786.50	0.27	
2788.00	0.27	
2789.50	0.27	
2791.00	0.27	
2792.50	0.27	
2794.00	0.27	
2795.50	0.27	
2797.00	0.26	
2798.50	0.26	
2800.00	0.26	
2801.50	0.26	
2803.00	0.26	
2804.50	0.26	
2806.00	0.26	
2807.50	0.26	
2809.00	0.26	
2810.50	0.26	
2812.00	0.26	
2813.50	0.26	
2815.00	0.26	
2816.50	0.26	
2818.00	0.26	
2819.50	0.26	
2821.00	0.26	
2822.50	0.26	
2824.00	0.26	
2825.50	0.26	
2827.00	0.26	
2828.50	0.26	
2830.00	0.26	
2831.50	0.26	
2833.00	0.26	
2834.50	0.26	
2836.00	0.26	
2837.50	0.26	
2839.00	0.26	
2840.50	0.26	
2842.00	0.26	
2843.50	0.26	
2845.00	0.26	
2846.50	0.26	
2848.00	0.26	
2849.50	0.26	
2851.00	0.25	
2852.50	0.25	
2854.00	0.25	
2855.50	0.25	
2857.00	0.25	
2858.50	0.25	
2860.00	0.25	
2861.50	0.25	
2863.00	0.25	
2864.50	0.25	
2866.00	0.25	
2867.50	0.25	
2869.00	0.25	
2870.50	0.25	
2872.00	0.25	
2873.50	0.25	
2875.00	0.25	
2876.50	0.25	
2878.00	0.25	
2879.50	0.25	
2881.00	0.25	
2882.50	0.25	
2884.00	0.25	
2885.50	0.25	
2887.00	0.25	
2888.50	0.25	
2890.00	0.25	
2891.50	0.25	
2893.00	0.25	
2894.50	0.25	
2896.00	0.25	
2897.50	0.25	
2899.00	0.25	
2900.50	0.25	
2902.00	0.25	
2903.50	0.25	
2905.00	0.25	
2906.50	0.25	
2908.00	0.24	
2909.50	0.24	
2911.00	0.24	
2912.50	0.24	
2914.00	0.24	
2915.50	0.24	
2917.00	0.24	
2918.50	0.24	
2920.00	0.24	
2921.50	0.24	
2923.00	0.24	
2924.50	0.24	
2926.00	0.24	
2927.50	0.24	
2929.00	0.24	
2930.50	0.24	
2932.00	0.24	
2933.50	0.24	
2935.00	0.24	
2936.50	0.24	
2938.00	0.24	
2939.50	0.24	
2941.00	0.24	
2942.50	0.24	
2944.00	0.24	
2945.50	0.24	
2947.00	0.24	
2948.50	0.24	
2950.00	0.24	
2951.50	0.24	
2953.00	0.24	
2954.50	0.24	
2956.00	0.24	
2957.50	0.24	
2959.00	0.24	
2960.50	0.24	
2962.00	0.24	
2963.50	0.24	
2965.00	0.24	
2966.50	0.24	
2968.00	0.24	
2969.50	0.24	
2971.00	0.23	
2972.50	0.23	
2974.00	0.23	
2975.50	0.23	
2977.00	0.23	
2978.50	0.23	
2980.00	0.23	
2981.50	0.23	
2983.00	0.23	
2984.50	0.23	
2986.00	0.23	
2987.50	0.23	
2989.00	0.23	
2990.50	0.23	
2992.00	0.23	
2993.50	0.23	
2995.00	0.23	
2996.50	0.23	
2998.00	0.23	
2999.50	0.23	
3001.00	0.23	
3002.50	0.23	
3004.00	0.23	
3005.50	0.23	
3007.00	0.23	
3008.50	0.23	
3010.00	0.23	
3011.50	0.23	
3013.00	0.23	
3014.50	0.23	
3016.00	0.23	
3017.50	0.23	
3019.00	0.23	
3020.50	0.23	
3022.00	0.23	
3023.50	0.23	
3025.00	0.23	
3026.50	0.23	
3028.00	0.23	
3029.50	0.23	
3031.00	0.23	
3032.50	0.23	
3034.00	0.23	
3035.50	0.23	
3037.00	0.23	
3038.50	0.23	
3040.00	0.22	
3041.50	0.22	
3043.00	0.22	
3044.50	0.22	
3046.00	0.22	
3047.50	0.22	
3049.00	0.22	
3050.50	0.22	
3052.00	0.22	
3053.50	0.22	
3055.00	0.22	
3056.50	0.22	
3058.00	0.22	
3059.50	0.22	
3061.00	0.22	
3062.50	0.22	
3064.00	0.22	
3065.50	0.22	
3067.00	0.22	
3068.50	0.22	
3070.00	0.22	
3071.50	0.22	
3073.00	0.22	
3074.50	0.22	
3076.00	0.22	
3077.50	0.22	
3079.00	0.22	
3080.50	0.22	
3082.00	0.22	
3083.50	0.22	
3085.00	0.22	
3086.50	0.22	
3088.00	0.22	
3089.50	0.22	
3091.00	0.22	
3092.50	0.22	
3094.00	0.22	
3095.50	0.22	
3097.00	0.22	
3098.50	0.22	
3100.00	0.22	
3101.50	0.22	
3103.00	0.22	
3104.50	0.22	
3106.00	0.22	
3107.50	0.22	
3109.00	0.22	
3110.50	0.22	
3112.00	0.22	
3113.50	0.22	
3115.00	0.21	
3116.50	0.21	
3118.00	0.21	
3119.50	0.21	
3121.00	0.21	
3122.50	0.21	
3124.00	0.21	
3125.50	0.21	
3127.00	0.21	
3128.50	0.21	
3130.00	0.21	
3131.50	0.21	
3133.00	0.21	
3134.50	0.21	
3136.00	0.21	
3137.50	0.21	
3139.00	0.21	
3140.50	0.21	
3142.00	0.21	
3143.50	0.21	
3145.00	0.21	
3146.50	0.21	
3148.00	0.21	
3149.50	0.21	
3151.00	0.21	
3152.50	0.21	
3154.00	0.21	
3155.50	0.21	
3157.00	0.21	
3158.50	0.21	
3160.00	0.21	
3161.50	0.21	
3163.00	0.21	
3164.50	0.21	
3166.00	0.21	
3167.50	0.21	
3169.00	0.21	
3170.50	0.21	
3172.00	0.21	
3173.50	0.21	
3175.00	0.21	
3176.50	0.21	
3178.00	0.21	
3179.50	0.21	
3181.00	0.21	
3182.50	0.21	
3184.00	0.21	
3185.50	0.21	
3187.00	0.21	
3188.50	0.21	
3190.00	0.21	
3191.50	0.21	
3193.00	0.21	
3194.50	0.21	
3196.00	0.21	
3197.50	0.20	
3199.00	0.20	
3200.50	0.20	
3202.00	0.20	
3203.50	0.20	
3205.00	0.20	
3206.50	0.20	
3208.00	0.20	
3209.50	0.20	
3211.00	0.20	
3212.50	0.20	
3214.00	0.20	
3215.50	0.20	
3217.00	0.20	
3218.50	0.20	
3220.00	0.20	
3221.50	0.20	
3223.00	0.20	
3224.50	0.20	
3226.00	0.20	
3227.50	0.20	
3229.00	0.20	
3230.50	0.20	
3232.00	0.20	
3233.50	0.20	
3235.00	0.20	
3236.50	0.20	
3238.00	0.20	
3239.50	0.20	
3241.00	0.20	
3242.50	0.20	
3244.00	0.20	
3245.50	0.20	
3247.00	0.20	
3248.50	0.20	
3250.00	0.20	
3251.50	0.20	
3253.00	0.20	
3254.50	0.20	
3256.00	0.20	
3257.50	0.20	
3259.00	0.20	
3260.50	0.20	
3262.00	0.20	
3263.50	0.20	
3265.00	0.20	
3266.50	0.20	
3268.00	0.20	
3269.50	0.20	
3271.00	0.20	
3272.50	0.20	
3274.00	0.20	
3275.50	0.20	
3277.00	0.20	
3278.50	0.20	
3280.00	0.20	
3281.50	0.20	
3283.00	0.20	
3284.50	0.20	
3286.00	0.20	
3287.50	0.20	
3289.00	0.19	
3290.50	0.19	
3292.00	0.19	
3293.50	0.19	
3295.00	0.19	
3296.50	0.19	
3298.00	0.19	
3299.50	0.19	
3301.00	0.19	
3302.50	0.19	
3304.00	0.19	
3305.50	0.19	
3307.00	0.19	
3308.50	0.19	
3310.00	0.19	
3311.50	0.19	
3313.00	0.19	
3314.50	0.19	
3316.00	0.19	
3317.50	0.19	
3319.00	0.19	
3320.50	0.19	
3322.00	0.19	
3323.50	0.19	
3325.00	0.19	
3326.50	0.19	
3328.00	0.19	
3329.50	0.19	
3331.00	0.19	
3332.50	0.19	
3334.00	0.19	
3335.50	0.19	
3337.00	0.19	
3338.50	0.19	
3340.00	0.19	
3341.50	0.19	
3343.00	0.19	
3344.50	0.19	
3346.00	0.19	
3347.50	0.19	
3349.00	0.19	
3350.50	0.19	
3352.00	0.19	
3353.50	0.19	
3355.00	0.19	
3356.50	0.19	
3358.00	0.19	
3359.50	0.19	
3361.00	0.19	
3362.50	0.19	
3364.00	0.19	
3365.50	0.19	
3367.00	0.19	
3368.50	0.19	
3370.00	0.19	
3371.50	0.19	
3373.00	0.19	
3374.50	0.19	
3376.00	0.19	
3377.50	0.19	
3379.00	0.19	
3380.50	0.19	
3382.00	0.19	
3383.50	0.19	
3385.00	0.19	
3386.50	0.19	
3388.00	0.19	
3389.50	0.19	
3391.00	0.18	
3392.50	0.18	
3394.00	0.18	
3395.50	0.18	
3397.00	0.18	
3398.50	0.18	
3400.00	0.18	
3401.50	0.18	
3403.00	0.18	
3404.50	0.18	
3406.00	0.18	
3407.50	0.18	
3409.00	0.18	
3410.50	0.18	
3412.00	0.18	
3413.50	0.18	
3415.00	0.18	
3416.50	0.18	
3418.00	0.18	
3419.50	0.18	
3421.00	0.18	
3422.50	0.18	
3424.00	0.18	
3425.50	0.18	
3427.00	0.18	
3428.50	0.18	
3430.00	0.18	
3431.50	0.18	
3433.00	0.18	
3434.50	0.18	
3436.00	0.18	
3437.50	0.18	
3439.00	0.18	
3440.50	0.18	
3442.00	0.18	
3443.50	0.18	
3445.00	0.18	
3446.50	0.18	
3448.00	0.18	
3449.50	0.18	
3451.00	0.18	
3452.50	0.18	
3454.00	0.18	
3455.50	0.18	
3457.00	0.18	
3458.50	0.18	
3460.00	0.18	
3461.50	0.18	
3463.00	0.18	
3464.50	0.18	
3466.00	0.18	
3467.50	0.18	
3469.00	0.18	
3470.50	0.18	
3472.00	0.18	
3473.50	0.18	
3475.00	0.18	
3476.50	0.18	
3478.00	0.18	
3479.50	0.18	
3481.00	0.18	
3482.50	0.18	
3484.00	0.18	
3485.50	0.18	
3487.00	0.18	
3488.50	0.18	
3490.00	0.18	
3491.50	0.18	
3493.00	0.18	
3494.50	0.18	
3496.00	0.18	
3497.50	0.18	
3499.00	0.18	
3500.50	0.18	
3502.00	0.18	
3503.50	0.18	
3505.00	0.17	
3506.50	0.17	
3508.00	0.17	
3509.50	0.17	
3511.00	0.17	
3512.50	0.17	
3514.00	0.17	
3515.50	0.17	
3517.00	0.17	
3518.50	0.17	
3520.00	0.17	
3521.50	0.17	
3523.00	0.17	
3524.50	0.17	
3526.00	0.17	
3527.50	0.17	
3529.00	0.17	
3530.50	0.17	
3532.00	0.17	
3533.50	0.17	
3535.00	0.17	
3536.50	0.17	
3538.00	0.17	
3539.50	0.17	
3541.00	0.17	
3542.50	0.17	
3544.00	0.17	
3545.50	0.17	
3547.00	0.17	
3548.50	0.17	
3550.00	0.17	
3551.50	0.17	
3553.00	0.17	
3554.50	0.17	
3556.00	0.17	
3557.50	0.17	
3559.00	0.17	
3560.50	0.17	
3562.00	0.17	
3563.50	0.17	
3565.00	0.17	
3566.50	0.17	
3568.00	0.17	
3569.50	0.17	
3571.00	0.17	
3572.50	0.17	
3574.00	0.17	
3575.50	0.17	
3577.00	0.17	
3578.50	0.17	
3580.00	0.17	
3581.50	0.17	
3583.00	0.17	
3584.50	0.17	
3586.00	0.17	
3587.50	0.17	
3589.00	0.17	
3590.50	0.17	
3592.00	0.17	
3593.50	0.17	
3595.00	0.17	
3596.50	0.17	
3598.00	0.17	
3599.50	0.17	
3601.00	0.17	
3602.50	0.17	
3604.00	0.17	
3605.50	0.17	
3607.00	0.17	
3608.50	0.17	
3610.00	0.17	
3611.50	0.17	
3613.00	0.17	
3614.50	0.17	
3616.00	0.17	
3617.50	0.17	
3619.00	0.17	
3620.50	0.17	
3622.00	0.17	
3623.50	0.17	
3625.00	0.17	
3626.50	0.17	
3628.00	0.17	
3629.50	0.17	
3631.00	0.17	
3632.50	0.17	
3634.00	0.16	
3635.50	0.16	
3637.00	0.16	
3638.50	0.16	
3640.00	0.16	
3641.50	0.16	
3643.00	0.16	
3644.50	0.16	
3646.00	0.16	
3647.50	0.16	
3649.00	0.16	
3650.50	0.16	
3652.00	0.16	
3653.50	0.16	
3655.00	0.16	
3656.50	0.16	
3658.00	0.16	
3659.50	0.16	
3661.00	0.16	
3662.50	0.16	
3664.00	0.16	
3665.50	0.16	
3667.00	0.16	
3668.50	0.16	
3670.00	0.16	
3671.50	0.16	
3673.00	0.16	
3674.50	0.16	
3676.00	0.16	
3677.50	0.16	
3679.00	0.16	
3680.50	0.16	
3682.00	0.16	
3683.50	0.16	
3685.00	0.16	
3686.50	0.16	
3688.00	0.16	
3689.50	0.16	
3691.00	0.16	
3692.50	0.16	
3694.00	0.16	
3695.50	0.16	
3697.00	0.16	
3698.50	0.16	
3700.00	0.16	
3701.50	0.16	
3703.00	0.16	
3704.50	0.16	
3706.00	0.16	
3707.50	0.16	
3709.00	0.16	
3710.50	0.16	
3712.00	0.16	
3713.50	0.16	
3715.00	0.16	
3716.50	0.16	
3718.00	0.16	
3719.50	0.16	
3721.00	0.16	
3722.50	0.16	
3724.00	0.16	
3725.50	0.16	
3727.00	0.16	
3728.50	0.16	
3730.00	0.16	
3731.50	0.16	
3733.00	0.16	
3734.50	0.16	
3736.00	0.16	
3737.50	0.16	
3739.00	0.16	
3740.50	0.16	
3742.00	0.16	
3743.50	0.16	
3745.00	0.16	
3746.50	0.16	
3748.00	0.16	
3749.50	0.16	
3751.00	0.16	
3752.50	0.16	
3754.00	0.16	
3755.50	0.16	
3757.00	0.16	
3758.50	0.16	
3760.00	0.16	
3761.50	0.16	
3763.00	0.16	
3764.50	0.16	
3766.00	0.16	
3767.50	0.16	
3769.00	0.16	
3770.50	0.16	
3772.00	0.16	
3773.50	0.16	
3775.00	0.16	
3776.50	0.16	
3778.00	0.16	
3779.50	0.16	
3781.00	0.15	
3782.50	0.15	
3784.00	0.15	
3785.50	0.15	
3787.00	0.15	
3788.50	0.15	
3790.00	0.15	
3791.50	0.15	
3793.00	0.15	
3794.50	0.15	
3796.00	0.15	
3797.50	0.15	
3799.00	0.15	
3800.50	0.15	
3802.00	0.15	
3803.50	0.15	
3805.00	0.15	
3806.50	0.15	
3808.00	0.15	
3809.50	0.15	
3811.00	0.15	
3812.50	0.15	
3814.00	0.15	
3815.50	0.15	
3817.00	0.15	
3818.50	0.15	
3820.00	0.15	
3821.50	0.15	
3823.00	0.15	
3824.50	0.15	
3826.00	0.15	
3827.50	0.15	
3829.00	0.15	
3830.50	0.15	
3832.00	0.15	
3833.50	0.15	
3835.00	0.15	
3836.50	0.15	
3838.00	0.15	
3839.50	0.15	
3841.00	0.15	
3842.50	0.15	
3844.00	0.15	
3845.50	0.15	
3847.00	0.15	
3848.50	0.15	
3850.00	0.15	
3851.50	0.15	
3853.00	0.15	
3854.50	0.15	
3856.00	0.15	
3857.50	0.15	
3859.00	0.15	
3860.50	0.15	
3862.00	0.15	
3863.50	0.15	
3865.00	0.15	
3866.50	0.15	
3868.00	0.15	
3869.50	0.15	
3871.00	0.15	
3872.50	0.15	
3874.00	0.15	
3875.50	0.15	
3877.00	0.15	
3878.50	0.15	
3880.00	0.15	
3881.50	0.15	
3883.00	0.15	
3884.50	0.15	
3886.00	0.15	
3887.50	0.15	
3889.00	0.15	
3890.50	0.15	
3892.00	0.15	
3893.50	0.15	
3895.00	0.15	
3896.50	0.15	
3898.00	0.15	
3899.50	0.15	
3901.00	0.15	
3902.50	0.15	
3904.00	0.15	
3905.50	0.15	
3907.00	0.15	
3908.50	0.15	
3910.00	0.15	
3911.50	0.15	
3913.00	0.15	
3914.50	0.15	
3916.00	0.15	
3917.50	0.15	
3919.00	0.15	
3920.50	0.15	
3922.00	0.15	
3923.50	0.15	
3925.00	0.15	
3926.50	0.15	
3928.00	0.15	
3929.50	0.15	
3931.00	0.15	
3932.50	0.15	
3934.00	0.15	
3935.50	0.15	
3937.00	0.15	
3938.50	0.15	
3940.00	0.15	
3941.50	0.15	
3943.00	0.15	
3944.50	0.15	
3946.00	0.15	
3947.50	0.15	
3949.00	0.15	
3950.50	0.14	
3952.00	0.14	
3953.50	0.14	
3955.00	0.14	
3956.50	0.14	
3958.00	0.14	
3959.50	0.14	
3961.00	0.14	
3962.50	0.14	
3964.00	0.14	
3965.50	0.14	
3967.00	0.14	
3968.50	0.14	
3970.00	0.14	
3971.50	0.14	
3973.00	0.14	
3974.50	0.14	
3976.00	0.14	
3977.50	0.14	
3979.00	0.14	
3980.50	0.14	
3982.00	0.14	
3983.50	0.14	
3985.00	0.14	
3986.50	0.14	
3988.00	0.14	
3989.50	0.14	
3991.00	0.14	
3992.50	0.14	
3994.00	0.14	
3995.50	0.14	
3997.00	0.14	
3998.50	0.14	
4000.00	0.14	
