 Frequency [Hz] - Resonance Curve	Voltage [V] - Resonance Curve	
1002.50	0.17	
1005.00	0.17	
1007.50	0.17	
1010.00	0.17	
1012.50	0.17	
1015.00	0.17	
1017.50	0.17	
1020.00	0.17	
1022.50	0.17	
1025.00	0.17	
1027.50	0.17	
1030.00	0.17	
1032.50	0.17	
1035.00	0.18	
1037.50	0.18	
1040.00	0.18	
1042.50	0.18	
1045.00	0.18	
1047.50	0.18	
1050.00	0.18	
1052.50	0.18	
1055.00	0.18	
1057.50	0.18	
1060.00	0.18	
1062.50	0.18	
1065.00	0.18	
1067.50	0.19	
1070.00	0.19	
1072.50	0.19	
1075.00	0.19	
1077.50	0.19	
1080.00	0.19	
1082.50	0.19	
1085.00	0.19	
1087.50	0.19	
1090.00	0.19	
1092.50	0.19	
1095.00	0.19	
1097.50	0.20	
1100.00	0.20	
1102.50	0.20	
1105.00	0.20	
1107.50	0.20	
1110.00	0.20	
1112.50	0.20	
1115.00	0.20	
1117.50	0.20	
1120.00	0.20	
1122.50	0.20	
1125.00	0.20	
1127.50	0.21	
1130.00	0.21	
1132.50	0.21	
1135.00	0.21	
1137.50	0.21	
1140.00	0.21	
1142.50	0.21	
1145.00	0.21	
1147.50	0.21	
1150.00	0.21	
1152.50	0.22	
1155.00	0.22	
1157.50	0.22	
1160.00	0.22	
1162.50	0.22	
1165.00	0.22	
1167.50	0.22	
1170.00	0.22	
1172.50	0.22	
1175.00	0.22	
1177.50	0.23	
1180.00	0.23	
1182.50	0.23	
1185.00	0.23	
1187.50	0.23	
1190.00	0.23	
1192.50	0.23	
1195.00	0.23	
1197.50	0.23	
1200.00	0.23	
1202.50	0.24	
1205.00	0.24	
1207.50	0.24	
1210.00	0.24	
1212.50	0.24	
1215.00	0.24	
1217.50	0.24	
1220.00	0.24	
1222.50	0.24	
1225.00	0.25	
1227.50	0.25	
1230.00	0.25	
1232.50	0.25	
1235.00	0.25	
1237.50	0.25	
1240.00	0.25	
1242.50	0.25	
1245.00	0.26	
1247.50	0.26	
1250.00	0.26	
1252.50	0.26	
1255.00	0.26	
1257.50	0.26	
1260.00	0.26	
1262.50	0.26	
1265.00	0.27	
1267.50	0.27	
1270.00	0.27	
1272.50	0.27	
1275.00	0.27	
1277.50	0.27	
1280.00	0.27	
1282.50	0.27	
1285.00	0.28	
1287.50	0.28	
1290.00	0.28	
1292.50	0.28	
1295.00	0.28	
1297.50	0.28	
1300.00	0.28	
1302.50	0.29	
1305.00	0.29	
1307.50	0.29	
1310.00	0.29	
1312.50	0.29	
1315.00	0.29	
1317.50	0.29	
1320.00	0.30	
1322.50	0.30	
1325.00	0.30	
1327.50	0.30	
1330.00	0.30	
1332.50	0.30	
1335.00	0.30	
1337.50	0.31	
1340.00	0.31	
1342.50	0.31	
1345.00	0.31	
1347.50	0.31	
1350.00	0.31	
1352.50	0.32	
1355.00	0.32	
1357.50	0.32	
1360.00	0.32	
1362.50	0.32	
1365.00	0.32	
1367.50	0.33	
1370.00	0.33	
1372.50	0.33	
1375.00	0.33	
1377.50	0.33	
1380.00	0.34	
1382.50	0.34	
1385.00	0.34	
1387.50	0.34	
1390.00	0.34	
1392.50	0.34	
1395.00	0.35	
1397.50	0.35	
1400.00	0.35	
1402.50	0.35	
1405.00	0.35	
1407.50	0.36	
1410.00	0.36	
1412.50	0.36	
1415.00	0.36	
1417.50	0.36	
1420.00	0.37	
1422.50	0.37	
1425.00	0.37	
1427.50	0.37	
1430.00	0.37	
1432.50	0.38	
1435.00	0.38	
1437.50	0.38	
1440.00	0.38	
1442.50	0.39	
1445.00	0.39	
1447.50	0.39	
1450.00	0.39	
1452.50	0.39	
1455.00	0.40	
1457.50	0.40	
1460.00	0.40	
1462.50	0.40	
1465.00	0.41	
1467.50	0.41	
1470.00	0.41	
1472.50	0.41	
1475.00	0.42	
1477.50	0.42	
1480.00	0.42	
1482.50	0.42	
1485.00	0.43	
1487.50	0.43	
1490.00	0.43	
1492.50	0.44	
1495.00	0.44	
1497.50	0.44	
1500.00	0.44	
1502.50	0.45	
1505.00	0.45	
1507.50	0.45	
1510.00	0.46	
1512.50	0.46	
1515.00	0.46	
1517.50	0.46	
1520.00	0.47	
1522.50	0.47	
1525.00	0.47	
1527.50	0.48	
1530.00	0.48	
1532.50	0.48	
1535.00	0.49	
1537.50	0.49	
1540.00	0.49	
1542.50	0.50	
1545.00	0.50	
1547.50	0.50	
1550.00	0.51	
1552.50	0.51	
1555.00	0.51	
1557.50	0.52	
1560.00	0.52	
1562.50	0.52	
1565.00	0.53	
1567.50	0.53	
1570.00	0.54	
1572.50	0.54	
1575.00	0.54	
1577.50	0.55	
1580.00	0.55	
1582.50	0.56	
1585.00	0.56	
1587.50	0.56	
1590.00	0.57	
1592.50	0.57	
1595.00	0.58	
1597.50	0.58	
1600.00	0.58	
1602.50	0.59	
1605.00	0.59	
1607.50	0.60	
1610.00	0.60	
1612.50	0.61	
1615.00	0.61	
1617.50	0.62	
1620.00	0.62	
1622.50	0.63	
1625.00	0.63	
1627.50	0.64	
1630.00	0.64	
1632.50	0.65	
1635.00	0.65	
1637.50	0.66	
1640.00	0.66	
1642.50	0.67	
1645.00	0.67	
1647.50	0.68	
1650.00	0.69	
1652.50	0.69	
1655.00	0.70	
1657.50	0.70	
1660.00	0.71	
1662.50	0.72	
1665.00	0.72	
1667.50	0.73	
1670.00	0.74	
1672.50	0.74	
1675.00	0.75	
1677.50	0.76	
1680.00	0.76	
1682.50	0.77	
1685.00	0.78	
1687.50	0.78	
1690.00	0.79	
1692.50	0.80	
1695.00	0.81	
1697.50	0.81	
1700.00	0.82	
1702.50	0.83	
1705.00	0.84	
1707.50	0.84	
1710.00	0.85	
1712.50	0.86	
1715.00	0.87	
1717.50	0.88	
1720.00	0.89	
1722.50	0.90	
1725.00	0.90	
1727.50	0.91	
1730.00	0.92	
1732.50	0.93	
1735.00	0.94	
1737.50	0.95	
1740.00	0.96	
1742.50	0.97	
1745.00	0.98	
1747.50	0.99	
1750.00	1.00	
1752.50	1.01	
1755.00	1.02	
1757.50	1.04	
1760.00	1.05	
1762.50	1.06	
1765.00	1.07	
1767.50	1.08	
1770.00	1.09	
1772.50	1.11	
1775.00	1.12	
1777.50	1.13	
1780.00	1.14	
1782.50	1.16	
1785.00	1.17	
1787.50	1.18	
1790.00	1.20	
1792.50	1.21	
1795.00	1.22	
1797.50	1.24	
1800.00	1.25	
1802.50	1.27	
1805.00	1.28	
1807.50	1.30	
1810.00	1.31	
1812.50	1.33	
1815.00	1.34	
1817.50	1.36	
1820.00	1.38	
1822.50	1.39	
1825.00	1.41	
1827.50	1.42	
1830.00	1.44	
1832.50	1.46	
1835.00	1.47	
1837.50	1.49	
1840.00	1.51	
1842.50	1.53	
1845.00	1.54	
1847.50	1.56	
1850.00	1.58	
1852.50	1.60	
1855.00	1.61	
1857.50	1.63	
1860.00	1.65	
1862.50	1.67	
1865.00	1.68	
1867.50	1.70	
1870.00	1.72	
1872.50	1.74	
1875.00	1.75	
1877.50	1.77	
1880.00	1.79	
1882.50	1.80	
1885.00	1.82	
1887.50	1.83	
1890.00	1.85	
1892.50	1.86	
1895.00	1.88	
1897.50	1.89	
1900.00	1.90	
1902.50	1.92	
1905.00	1.93	
1907.50	1.94	
1910.00	1.95	
1912.50	1.96	
1915.00	1.97	
1917.50	1.97	
1920.00	1.98	
1922.50	1.99	
1925.00	1.99	
1927.50	1.99	
1930.00	2.00	
1932.50	2.00	
1935.00	2.00	
1937.50	2.00	
1940.00	2.00	
1942.50	2.00	
1945.00	1.99	
1947.50	1.99	
1950.00	1.99	
1952.50	1.98	
1955.00	1.97	
1957.50	1.97	
1960.00	1.96	
1962.50	1.95	
1965.00	1.94	
1967.50	1.93	
1970.00	1.92	
1972.50	1.91	
1975.00	1.90	
1977.50	1.88	
1980.00	1.87	
1982.50	1.86	
1985.00	1.84	
1987.50	1.83	
1990.00	1.81	
1992.50	1.80	
1995.00	1.78	
1997.50	1.77	
2000.00	1.75	
2002.50	1.74	
2005.00	1.72	
2007.50	1.70	
2010.00	1.69	
2012.50	1.67	
2015.00	1.66	
2017.50	1.64	
2020.00	1.62	
2022.50	1.61	
2025.00	1.59	
2027.50	1.57	
2030.00	1.56	
2032.50	1.54	
2035.00	1.53	
2037.50	1.51	
2040.00	1.50	
2042.50	1.48	
2045.00	1.46	
2047.50	1.45	
2050.00	1.43	
2052.50	1.42	
2055.00	1.40	
2057.50	1.39	
2060.00	1.38	
2062.50	1.36	
2065.00	1.35	
2067.50	1.33	
2070.00	1.32	
2072.50	1.31	
2075.00	1.29	
2077.50	1.28	
2080.00	1.27	
2082.50	1.26	
2085.00	1.24	
2087.50	1.23	
2090.00	1.22	
2092.50	1.21	
2095.00	1.19	
2097.50	1.18	
2100.00	1.17	
2102.50	1.16	
2105.00	1.15	
2107.50	1.14	
2110.00	1.13	
2112.50	1.12	
2115.00	1.11	
2117.50	1.10	
2120.00	1.09	
2122.50	1.08	
2125.00	1.07	
2127.50	1.06	
2130.00	1.05	
2132.50	1.04	
2135.00	1.03	
2137.50	1.02	
2140.00	1.01	
2142.50	1.00	
2145.00	0.99	
2147.50	0.99	
2150.00	0.98	
2152.50	0.97	
2155.00	0.96	
2157.50	0.95	
2160.00	0.94	
2162.50	0.94	
2165.00	0.93	
2167.50	0.92	
2170.00	0.91	
2172.50	0.91	
2175.00	0.90	
2177.50	0.89	
2180.00	0.89	
2182.50	0.88	
2185.00	0.87	
2187.50	0.87	
2190.00	0.86	
2192.50	0.85	
2195.00	0.85	
2197.50	0.84	
2200.00	0.83	
2202.50	0.83	
2205.00	0.82	
2207.50	0.82	
2210.00	0.81	
2212.50	0.80	
2215.00	0.80	
2217.50	0.79	
2220.00	0.79	
2222.50	0.78	
2225.00	0.78	
2227.50	0.77	
2230.00	0.77	
2232.50	0.76	
2235.00	0.76	
2237.50	0.75	
2240.00	0.75	
2242.50	0.74	
2245.00	0.74	
2247.50	0.73	
2250.00	0.73	
2252.50	0.72	
2255.00	0.72	
2257.50	0.71	
2260.00	0.71	
2262.50	0.70	
2265.00	0.70	
2267.50	0.69	
2270.00	0.69	
2272.50	0.69	
2275.00	0.68	
2277.50	0.68	
2280.00	0.67	
2282.50	0.67	
2285.00	0.67	
2287.50	0.66	
2290.00	0.66	
2292.50	0.65	
2295.00	0.65	
2297.50	0.65	
2300.00	0.64	
2302.50	0.64	
2305.00	0.64	
2307.50	0.63	
2310.00	0.63	
2312.50	0.63	
2315.00	0.62	
2317.50	0.62	
2320.00	0.61	
2322.50	0.61	
2325.00	0.61	
2327.50	0.60	
2330.00	0.60	
2332.50	0.60	
2335.00	0.60	
2337.50	0.59	
2340.00	0.59	
2342.50	0.59	
2345.00	0.58	
2347.50	0.58	
2350.00	0.58	
2352.50	0.57	
2355.00	0.57	
2357.50	0.57	
2360.00	0.57	
2362.50	0.56	
2365.00	0.56	
2367.50	0.56	
2370.00	0.55	
2372.50	0.55	
2375.00	0.55	
2377.50	0.55	
2380.00	0.54	
2382.50	0.54	
2385.00	0.54	
2387.50	0.54	
2390.00	0.53	
2392.50	0.53	
2395.00	0.53	
2397.50	0.53	
2400.00	0.52	
2402.50	0.52	
2405.00	0.52	
2407.50	0.52	
2410.00	0.51	
2412.50	0.51	
2415.00	0.51	
2417.50	0.51	
2420.00	0.51	
2422.50	0.50	
2425.00	0.50	
2427.50	0.50	
2430.00	0.50	
2432.50	0.49	
2435.00	0.49	
2437.50	0.49	
2440.00	0.49	
2442.50	0.49	
2445.00	0.48	
2447.50	0.48	
2450.00	0.48	
2452.50	0.48	
2455.00	0.48	
2457.50	0.47	
2460.00	0.47	
2462.50	0.47	
2465.00	0.47	
2467.50	0.47	
2470.00	0.46	
2472.50	0.46	
2475.00	0.46	
2477.50	0.46	
2480.00	0.46	
2482.50	0.46	
2485.00	0.45	
2487.50	0.45	
2490.00	0.45	
2492.50	0.45	
2495.00	0.45	
2497.50	0.45	
2500.00	0.44	
2502.50	0.44	
2505.00	0.44	
2507.50	0.44	
2510.00	0.44	
2512.50	0.44	
2515.00	0.43	
2517.50	0.43	
2520.00	0.43	
2522.50	0.43	
2525.00	0.43	
2527.50	0.43	
2530.00	0.42	
2532.50	0.42	
2535.00	0.42	
2537.50	0.42	
2540.00	0.42	
2542.50	0.42	
2545.00	0.42	
2547.50	0.41	
2550.00	0.41	
2552.50	0.41	
2555.00	0.41	
2557.50	0.41	
2560.00	0.41	
2562.50	0.41	
2565.00	0.40	
2567.50	0.40	
2570.00	0.40	
2572.50	0.40	
2575.00	0.40	
2577.50	0.40	
2580.00	0.40	
2582.50	0.39	
2585.00	0.39	
2587.50	0.39	
2590.00	0.39	
2592.50	0.39	
2595.00	0.39	
2597.50	0.39	
2600.00	0.39	
2602.50	0.38	
2605.00	0.38	
2607.50	0.38	
2610.00	0.38	
2612.50	0.38	
2615.00	0.38	
2617.50	0.38	
2620.00	0.38	
2622.50	0.37	
2625.00	0.37	
2627.50	0.37	
2630.00	0.37	
2632.50	0.37	
2635.00	0.37	
2637.50	0.37	
2640.00	0.37	
2642.50	0.37	
2645.00	0.36	
2647.50	0.36	
2650.00	0.36	
2652.50	0.36	
2655.00	0.36	
2657.50	0.36	
2660.00	0.36	
2662.50	0.36	
2665.00	0.36	
2667.50	0.35	
2670.00	0.35	
2672.50	0.35	
2675.00	0.35	
2677.50	0.35	
2680.00	0.35	
2682.50	0.35	
2685.00	0.35	
2687.50	0.35	
2690.00	0.35	
2692.50	0.34	
2695.00	0.34	
2697.50	0.34	
2700.00	0.34	
2702.50	0.34	
2705.00	0.34	
2707.50	0.34	
2710.00	0.34	
2712.50	0.34	
2715.00	0.34	
2717.50	0.34	
2720.00	0.33	
2722.50	0.33	
2725.00	0.33	
2727.50	0.33	
2730.00	0.33	
2732.50	0.33	
2735.00	0.33	
2737.50	0.33	
2740.00	0.33	
2742.50	0.33	
2745.00	0.33	
2747.50	0.32	
2750.00	0.32	
2752.50	0.32	
2755.00	0.32	
2757.50	0.32	
2760.00	0.32	
2762.50	0.32	
2765.00	0.32	
2767.50	0.32	
2770.00	0.32	
2772.50	0.32	
2775.00	0.32	
2777.50	0.31	
2780.00	0.31	
2782.50	0.31	
2785.00	0.31	
2787.50	0.31	
2790.00	0.31	
2792.50	0.31	
2795.00	0.31	
2797.50	0.31	
2800.00	0.31	
2802.50	0.31	
2805.00	0.31	
2807.50	0.31	
2810.00	0.30	
2812.50	0.30	
2815.00	0.30	
2817.50	0.30	
2820.00	0.30	
2822.50	0.30	
2825.00	0.30	
2827.50	0.30	
2830.00	0.30	
2832.50	0.30	
2835.00	0.30	
2837.50	0.30	
2840.00	0.30	
2842.50	0.30	
2845.00	0.29	
2847.50	0.29	
2850.00	0.29	
2852.50	0.29	
2855.00	0.29	
2857.50	0.29	
2860.00	0.29	
2862.50	0.29	
2865.00	0.29	
2867.50	0.29	
2870.00	0.29	
2872.50	0.29	
2875.00	0.29	
2877.50	0.29	
2880.00	0.29	
2882.50	0.28	
2885.00	0.28	
2887.50	0.28	
2890.00	0.28	
2892.50	0.28	
2895.00	0.28	
2897.50	0.28	
2900.00	0.28	
2902.50	0.28	
2905.00	0.28	
2907.50	0.28	
2910.00	0.28	
2912.50	0.28	
2915.00	0.28	
2917.50	0.28	
2920.00	0.28	
2922.50	0.27	
2925.00	0.27	
2927.50	0.27	
2930.00	0.27	
2932.50	0.27	
2935.00	0.27	
2937.50	0.27	
2940.00	0.27	
2942.50	0.27	
2945.00	0.27	
2947.50	0.27	
2950.00	0.27	
2952.50	0.27	
2955.00	0.27	
2957.50	0.27	
2960.00	0.27	
2962.50	0.27	
2965.00	0.27	
2967.50	0.26	
2970.00	0.26	
2972.50	0.26	
2975.00	0.26	
2977.50	0.26	
2980.00	0.26	
2982.50	0.26	
2985.00	0.26	
2987.50	0.26	
2990.00	0.26	
2992.50	0.26	
2995.00	0.26	
2997.50	0.26	
3000.00	0.26	
3002.50	0.26	
3005.00	0.26	
3007.50	0.26	
3010.00	0.26	
3012.50	0.26	
3015.00	0.25	
3017.50	0.25	
3020.00	0.25	
3022.50	0.25	
3025.00	0.25	
3027.50	0.25	
3030.00	0.25	
3032.50	0.25	
3035.00	0.25	
3037.50	0.25	
3040.00	0.25	
3042.50	0.25	
3045.00	0.25	
3047.50	0.25	
3050.00	0.25	
3052.50	0.25	
3055.00	0.25	
3057.50	0.25	
3060.00	0.25	
3062.50	0.25	
3065.00	0.25	
3067.50	0.24	
3070.00	0.24	
3072.50	0.24	
3075.00	0.24	
3077.50	0.24	
3080.00	0.24	
3082.50	0.24	
3085.00	0.24	
3087.50	0.24	
3090.00	0.24	
3092.50	0.24	
3095.00	0.24	
3097.50	0.24	
3100.00	0.24	
3102.50	0.24	
3105.00	0.24	
3107.50	0.24	
3110.00	0.24	
3112.50	0.24	
3115.00	0.24	
3117.50	0.24	
3120.00	0.24	
3122.50	0.23	
3125.00	0.23	
3127.50	0.23	
3130.00	0.23	
3132.50	0.23	
3135.00	0.23	
3137.50	0.23	
3140.00	0.23	
3142.50	0.23	
3145.00	0.23	
3147.50	0.23	
3150.00	0.23	
3152.50	0.23	
3155.00	0.23	
3157.50	0.23	
3160.00	0.23	
3162.50	0.23	
3165.00	0.23	
3167.50	0.23	
3170.00	0.23	
3172.50	0.23	
3175.00	0.23	
3177.50	0.23	
3180.00	0.23	
3182.50	0.23	
3185.00	0.23	
3187.50	0.22	
3190.00	0.22	
3192.50	0.22	
3195.00	0.22	
3197.50	0.22	
3200.00	0.22	
3202.50	0.22	
3205.00	0.22	
3207.50	0.22	
3210.00	0.22	
3212.50	0.22	
3215.00	0.22	
3217.50	0.22	
3220.00	0.22	
3222.50	0.22	
3225.00	0.22	
3227.50	0.22	
3230.00	0.22	
3232.50	0.22	
3235.00	0.22	
3237.50	0.22	
3240.00	0.22	
3242.50	0.22	
3245.00	0.22	
3247.50	0.22	
3250.00	0.22	
3252.50	0.22	
3255.00	0.21	
3257.50	0.21	
3260.00	0.21	
3262.50	0.21	
3265.00	0.21	
3267.50	0.21	
3270.00	0.21	
3272.50	0.21	
3275.00	0.21	
3277.50	0.21	
3280.00	0.21	
3282.50	0.21	
3285.00	0.21	
3287.50	0.21	
3290.00	0.21	
3292.50	0.21	
3295.00	0.21	
3297.50	0.21	
3300.00	0.21	
3302.50	0.21	
3305.00	0.21	
3307.50	0.21	
3310.00	0.21	
3312.50	0.21	
3315.00	0.21	
3317.50	0.21	
3320.00	0.21	
3322.50	0.21	
3325.00	0.21	
3327.50	0.21	
3330.00	0.21	
3332.50	0.20	
3335.00	0.20	
3337.50	0.20	
3340.00	0.20	
3342.50	0.20	
3345.00	0.20	
3347.50	0.20	
3350.00	0.20	
3352.50	0.20	
3355.00	0.20	
3357.50	0.20	
3360.00	0.20	
3362.50	0.20	
3365.00	0.20	
3367.50	0.20	
3370.00	0.20	
3372.50	0.20	
3375.00	0.20	
3377.50	0.20	
3380.00	0.20	
3382.50	0.20	
3385.00	0.20	
3387.50	0.20	
3390.00	0.20	
3392.50	0.20	
3395.00	0.20	
3397.50	0.20	
3400.00	0.20	
3402.50	0.20	
3405.00	0.20	
3407.50	0.20	
3410.00	0.20	
3412.50	0.20	
3415.00	0.20	
3417.50	0.20	
3420.00	0.19	
3422.50	0.19	
3425.00	0.19	
3427.50	0.19	
3430.00	0.19	
3432.50	0.19	
3435.00	0.19	
3437.50	0.19	
3440.00	0.19	
3442.50	0.19	
3445.00	0.19	
3447.50	0.19	
3450.00	0.19	
3452.50	0.19	
3455.00	0.19	
3457.50	0.19	
3460.00	0.19	
3462.50	0.19	
3465.00	0.19	
3467.50	0.19	
3470.00	0.19	
3472.50	0.19	
3475.00	0.19	
3477.50	0.19	
3480.00	0.19	
3482.50	0.19	
3485.00	0.19	
3487.50	0.19	
3490.00	0.19	
3492.50	0.19	
3495.00	0.19	
3497.50	0.19	
3500.00	0.19	
3502.50	0.19	
3505.00	0.19	
3507.50	0.19	
3510.00	0.19	
3512.50	0.19	
3515.00	0.18	
3517.50	0.18	
3520.00	0.18	
3522.50	0.18	
3525.00	0.18	
3527.50	0.18	
3530.00	0.18	
3532.50	0.18	
3535.00	0.18	
3537.50	0.18	
3540.00	0.18	
3542.50	0.18	
3545.00	0.18	
3547.50	0.18	
3550.00	0.18	
3552.50	0.18	
3555.00	0.18	
3557.50	0.18	
3560.00	0.18	
3562.50	0.18	
3565.00	0.18	
3567.50	0.18	
3570.00	0.18	
3572.50	0.18	
3575.00	0.18	
3577.50	0.18	
3580.00	0.18	
3582.50	0.18	
3585.00	0.18	
3587.50	0.18	
3590.00	0.18	
3592.50	0.18	
3595.00	0.18	
3597.50	0.18	
3600.00	0.18	
3602.50	0.18	
3605.00	0.18	
3607.50	0.18	
3610.00	0.18	
3612.50	0.18	
3615.00	0.18	
3617.50	0.18	
3620.00	0.18	
3622.50	0.18	
3625.00	0.17	
3627.50	0.17	
3630.00	0.17	
3632.50	0.17	
3635.00	0.17	
3637.50	0.17	
3640.00	0.17	
3642.50	0.17	
3645.00	0.17	
3647.50	0.17	
3650.00	0.17	
3652.50	0.17	
3655.00	0.17	
3657.50	0.17	
3660.00	0.17	
3662.50	0.17	
3665.00	0.17	
3667.50	0.17	
3670.00	0.17	
3672.50	0.17	
3675.00	0.17	
3677.50	0.17	
3680.00	0.17	
3682.50	0.17	
3685.00	0.17	
3687.50	0.17	
3690.00	0.17	
3692.50	0.17	
3695.00	0.17	
3697.50	0.17	
3700.00	0.17	
3702.50	0.17	
3705.00	0.17	
3707.50	0.17	
3710.00	0.17	
3712.50	0.17	
3715.00	0.17	
3717.50	0.17	
3720.00	0.17	
3722.50	0.17	
3725.00	0.17	
3727.50	0.17	
3730.00	0.17	
3732.50	0.17	
3735.00	0.17	
3737.50	0.17	
3740.00	0.17	
3742.50	0.17	
3745.00	0.17	
3747.50	0.16	
3750.00	0.16	
3752.50	0.16	
3755.00	0.16	
3757.50	0.16	
3760.00	0.16	
3762.50	0.16	
3765.00	0.16	
3767.50	0.16	
3770.00	0.16	
3772.50	0.16	
3775.00	0.16	
3777.50	0.16	
3780.00	0.16	
3782.50	0.16	
3785.00	0.16	
3787.50	0.16	
3790.00	0.16	
3792.50	0.16	
3795.00	0.16	
3797.50	0.16	
3800.00	0.16	
3802.50	0.16	
3805.00	0.16	
3807.50	0.16	
3810.00	0.16	
3812.50	0.16	
3815.00	0.16	
3817.50	0.16	
3820.00	0.16	
3822.50	0.16	
3825.00	0.16	
3827.50	0.16	
3830.00	0.16	
3832.50	0.16	
3835.00	0.16	
3837.50	0.16	
3840.00	0.16	
3842.50	0.16	
3845.00	0.16	
3847.50	0.16	
3850.00	0.16	
3852.50	0.16	
3855.00	0.16	
3857.50	0.16	
3860.00	0.16	
3862.50	0.16	
3865.00	0.16	
3867.50	0.16	
3870.00	0.16	
3872.50	0.16	
3875.00	0.16	
3877.50	0.16	
3880.00	0.16	
3882.50	0.16	
3885.00	0.16	
3887.50	0.16	
3890.00	0.15	
3892.50	0.15	
3895.00	0.15	
3897.50	0.15	
3900.00	0.15	
3902.50	0.15	
3905.00	0.15	
3907.50	0.15	
3910.00	0.15	
3912.50	0.15	
3915.00	0.15	
3917.50	0.15	
3920.00	0.15	
3922.50	0.15	
3925.00	0.15	
3927.50	0.15	
3930.00	0.15	
3932.50	0.15	
3935.00	0.15	
3937.50	0.15	
3940.00	0.15	
3942.50	0.15	
3945.00	0.15	
3947.50	0.15	
3950.00	0.15	
3952.50	0.15	
3955.00	0.15	
3957.50	0.15	
3960.00	0.15	
3962.50	0.15	
3965.00	0.15	
3967.50	0.15	
3970.00	0.15	
3972.50	0.15	
3975.00	0.15	
3977.50	0.15	
3980.00	0.15	
3982.50	0.15	
3985.00	0.15	
3987.50	0.15	
3990.00	0.15	
3992.50	0.15	
3995.00	0.15	
3997.50	0.15	
4000.00	0.15	
4002.50	0.15	
4005.00	0.15	
4007.50	0.15	
4010.00	0.15	
4012.50	0.15	
4015.00	0.15	
4017.50	0.15	
4020.00	0.15	
4022.50	0.15	
4025.00	0.15	
4027.50	0.15	
4030.00	0.15	
4032.50	0.15	
4035.00	0.15	
4037.50	0.15	
4040.00	0.15	
4042.50	0.15	
4045.00	0.15	
4047.50	0.15	
4050.00	0.15	
4052.50	0.15	
4055.00	0.14	
4057.50	0.14	
4060.00	0.14	
4062.50	0.14	
4065.00	0.14	
4067.50	0.14	
4070.00	0.14	
4072.50	0.14	
4075.00	0.14	
4077.50	0.14	
4080.00	0.14	
4082.50	0.14	
4085.00	0.14	
4087.50	0.14	
4090.00	0.14	
4092.50	0.14	
4095.00	0.14	
4097.50	0.14	
4100.00	0.14	
4102.50	0.14	
4105.00	0.14	
4107.50	0.14	
4110.00	0.14	
4112.50	0.14	
4115.00	0.14	
4117.50	0.14	
4120.00	0.14	
4122.50	0.14	
4125.00	0.14	
4127.50	0.14	
4130.00	0.14	
4132.50	0.14	
4135.00	0.14	
4137.50	0.14	
4140.00	0.14	
4142.50	0.14	
4145.00	0.14	
4147.50	0.14	
4150.00	0.14	
4152.50	0.14	
4155.00	0.14	
4157.50	0.14	
4160.00	0.14	
4162.50	0.14	
4165.00	0.14	
4167.50	0.14	
4170.00	0.14	
4172.50	0.14	
4175.00	0.14	
4177.50	0.14	
4180.00	0.14	
4182.50	0.14	
4185.00	0.14	
4187.50	0.14	
4190.00	0.14	
4192.50	0.14	
4195.00	0.14	
4197.50	0.14	
4200.00	0.14	
4202.50	0.14	
4205.00	0.14	
4207.50	0.14	
4210.00	0.14	
4212.50	0.14	
4215.00	0.14	
4217.50	0.14	
4220.00	0.14	
4222.50	0.14	
4225.00	0.14	
4227.50	0.14	
4230.00	0.14	
4232.50	0.14	
4235.00	0.14	
4237.50	0.14	
4240.00	0.14	
4242.50	0.14	
4245.00	0.13	
4247.50	0.13	
4250.00	0.13	
4252.50	0.13	
4255.00	0.13	
4257.50	0.13	
4260.00	0.13	
4262.50	0.13	
4265.00	0.13	
4267.50	0.13	
4270.00	0.13	
4272.50	0.13	
4275.00	0.13	
4277.50	0.13	
4280.00	0.13	
4282.50	0.13	
4285.00	0.13	
4287.50	0.13	
4290.00	0.13	
4292.50	0.13	
4295.00	0.13	
4297.50	0.13	
4300.00	0.13	
4302.50	0.13	
4305.00	0.13	
4307.50	0.13	
4310.00	0.13	
4312.50	0.13	
4315.00	0.13	
4317.50	0.13	
4320.00	0.13	
4322.50	0.13	
4325.00	0.13	
4327.50	0.13	
4330.00	0.13	
4332.50	0.13	
4335.00	0.13	
4337.50	0.13	
4340.00	0.13	
4342.50	0.13	
4345.00	0.13	
4347.50	0.13	
4350.00	0.13	
4352.50	0.13	
4355.00	0.13	
4357.50	0.13	
4360.00	0.13	
4362.50	0.13	
4365.00	0.13	
4367.50	0.13	
4370.00	0.13	
4372.50	0.13	
4375.00	0.13	
4377.50	0.13	
4380.00	0.13	
4382.50	0.13	
4385.00	0.13	
4387.50	0.13	
4390.00	0.13	
4392.50	0.13	
4395.00	0.13	
4397.50	0.13	
4400.00	0.13	
4402.50	0.13	
4405.00	0.13	
4407.50	0.13	
4410.00	0.13	
4412.50	0.13	
4415.00	0.13	
4417.50	0.13	
4420.00	0.13	
4422.50	0.13	
4425.00	0.13	
4427.50	0.13	
4430.00	0.13	
4432.50	0.13	
4435.00	0.13	
4437.50	0.13	
4440.00	0.13	
4442.50	0.13	
4445.00	0.13	
4447.50	0.13	
4450.00	0.13	
4452.50	0.13	
4455.00	0.13	
4457.50	0.13	
4460.00	0.13	
4462.50	0.13	
4465.00	0.13	
4467.50	0.13	
4470.00	0.12	
4472.50	0.12	
4475.00	0.12	
4477.50	0.12	
4480.00	0.12	
4482.50	0.12	
4485.00	0.12	
4487.50	0.12	
4490.00	0.12	
4492.50	0.12	
4495.00	0.12	
4497.50	0.12	
4500.00	0.12	
4502.50	0.12	
4505.00	0.12	
4507.50	0.12	
4510.00	0.12	
4512.50	0.12	
4515.00	0.12	
4517.50	0.12	
4520.00	0.12	
4522.50	0.12	
4525.00	0.12	
4527.50	0.12	
4530.00	0.12	
4532.50	0.12	
4535.00	0.12	
4537.50	0.12	
4540.00	0.12	
4542.50	0.12	
4545.00	0.12	
4547.50	0.12	
4550.00	0.12	
4552.50	0.12	
4555.00	0.12	
4557.50	0.12	
4560.00	0.12	
4562.50	0.12	
4565.00	0.12	
4567.50	0.12	
4570.00	0.12	
4572.50	0.12	
4575.00	0.12	
4577.50	0.12	
4580.00	0.12	
4582.50	0.12	
4585.00	0.12	
4587.50	0.12	
4590.00	0.12	
4592.50	0.12	
4595.00	0.12	
4597.50	0.12	
4600.00	0.12	
4602.50	0.12	
4605.00	0.12	
4607.50	0.12	
4610.00	0.12	
4612.50	0.12	
4615.00	0.12	
4617.50	0.12	
4620.00	0.12	
4622.50	0.12	
4625.00	0.12	
4627.50	0.12	
4630.00	0.12	
4632.50	0.12	
4635.00	0.12	
4637.50	0.12	
4640.00	0.12	
4642.50	0.12	
4645.00	0.12	
4647.50	0.12	
4650.00	0.12	
4652.50	0.12	
4655.00	0.12	
4657.50	0.12	
4660.00	0.12	
4662.50	0.12	
4665.00	0.12	
4667.50	0.12	
4670.00	0.12	
4672.50	0.12	
4675.00	0.12	
4677.50	0.12	
4680.00	0.12	
4682.50	0.12	
4685.00	0.12	
4687.50	0.12	
4690.00	0.12	
4692.50	0.12	
4695.00	0.12	
4697.50	0.12	
4700.00	0.12	
4702.50	0.12	
4705.00	0.12	
4707.50	0.12	
4710.00	0.12	
4712.50	0.12	
4715.00	0.12	
4717.50	0.12	
4720.00	0.12	
4722.50	0.12	
4725.00	0.12	
4727.50	0.12	
4730.00	0.12	
4732.50	0.12	
4735.00	0.12	
4737.50	0.12	
4740.00	0.11	
4742.50	0.11	
4745.00	0.11	
4747.50	0.11	
4750.00	0.11	
4752.50	0.11	
4755.00	0.11	
4757.50	0.11	
4760.00	0.11	
4762.50	0.11	
4765.00	0.11	
4767.50	0.11	
4770.00	0.11	
4772.50	0.11	
4775.00	0.11	
4777.50	0.11	
4780.00	0.11	
4782.50	0.11	
4785.00	0.11	
4787.50	0.11	
4790.00	0.11	
4792.50	0.11	
4795.00	0.11	
4797.50	0.11	
4800.00	0.11	
4802.50	0.11	
4805.00	0.11	
4807.50	0.11	
4810.00	0.11	
4812.50	0.11	
4815.00	0.11	
4817.50	0.11	
4820.00	0.11	
4822.50	0.11	
4825.00	0.11	
4827.50	0.11	
4830.00	0.11	
4832.50	0.11	
4835.00	0.11	
4837.50	0.11	
4840.00	0.11	
4842.50	0.11	
4845.00	0.11	
4847.50	0.11	
4850.00	0.11	
4852.50	0.11	
4855.00	0.11	
4857.50	0.11	
4860.00	0.11	
4862.50	0.11	
4865.00	0.11	
4867.50	0.11	
4870.00	0.11	
4872.50	0.11	
4875.00	0.11	
4877.50	0.11	
4880.00	0.11	
4882.50	0.11	
4885.00	0.11	
4887.50	0.11	
4890.00	0.11	
4892.50	0.11	
4895.00	0.11	
4897.50	0.11	
4900.00	0.11	
4902.50	0.11	
4905.00	0.11	
4907.50	0.11	
4910.00	0.11	
4912.50	0.11	
4915.00	0.11	
4917.50	0.11	
4920.00	0.11	
4922.50	0.11	
4925.00	0.11	
4927.50	0.11	
4930.00	0.11	
4932.50	0.11	
4935.00	0.11	
4937.50	0.11	
4940.00	0.11	
4942.50	0.11	
4945.00	0.11	
4947.50	0.11	
4950.00	0.11	
4952.50	0.11	
4955.00	0.11	
4957.50	0.11	
4960.00	0.11	
4962.50	0.11	
4965.00	0.11	
4967.50	0.11	
4970.00	0.11	
4972.50	0.11	
4975.00	0.11	
4977.50	0.11	
4980.00	0.11	
4982.50	0.11	
4985.00	0.11	
4987.50	0.11	
4990.00	0.11	
4992.50	0.11	
4995.00	0.11	
4997.50	0.11	
5000.00	0.11	
5002.50	0.11	
5005.00	0.11	
5007.50	0.11	
5010.00	0.11	
5012.50	0.11	
5015.00	0.11	
5017.50	0.11	
5020.00	0.11	
5022.50	0.11	
5025.00	0.11	
5027.50	0.11	
5030.00	0.11	
5032.50	0.11	
5035.00	0.11	
5037.50	0.11	
5040.00	0.11	
5042.50	0.11	
5045.00	0.11	
5047.50	0.11	
5050.00	0.11	
5052.50	0.11	
5055.00	0.11	
5057.50	0.11	
5060.00	0.11	
5062.50	0.11	
5065.00	0.11	
5067.50	0.10	
5070.00	0.10	
5072.50	0.10	
5075.00	0.10	
5077.50	0.10	
5080.00	0.10	
5082.50	0.10	
5085.00	0.10	
5087.50	0.10	
5090.00	0.10	
5092.50	0.10	
5095.00	0.10	
5097.50	0.10	
5100.00	0.10	
5102.50	0.10	
5105.00	0.10	
5107.50	0.10	
5110.00	0.10	
5112.50	0.10	
5115.00	0.10	
5117.50	0.10	
5120.00	0.10	
5122.50	0.10	
5125.00	0.10	
5127.50	0.10	
5130.00	0.10	
5132.50	0.10	
5135.00	0.10	
5137.50	0.10	
5140.00	0.10	
5142.50	0.10	
5145.00	0.10	
5147.50	0.10	
5150.00	0.10	
5152.50	0.10	
5155.00	0.10	
5157.50	0.10	
5160.00	0.10	
5162.50	0.10	
5165.00	0.10	
5167.50	0.10	
5170.00	0.10	
5172.50	0.10	
5175.00	0.10	
5177.50	0.10	
5180.00	0.10	
5182.50	0.10	
5185.00	0.10	
5187.50	0.10	
5190.00	0.10	
5192.50	0.10	
5195.00	0.10	
5197.50	0.10	
5200.00	0.10	
5202.50	0.10	
5205.00	0.10	
5207.50	0.10	
5210.00	0.10	
5212.50	0.10	
5215.00	0.10	
5217.50	0.10	
5220.00	0.10	
5222.50	0.10	
5225.00	0.10	
5227.50	0.10	
5230.00	0.10	
5232.50	0.10	
5235.00	0.10	
5237.50	0.10	
5240.00	0.10	
5242.50	0.10	
5245.00	0.10	
5247.50	0.10	
5250.00	0.10	
5252.50	0.10	
5255.00	0.10	
5257.50	0.10	
5260.00	0.10	
5262.50	0.10	
5265.00	0.10	
5267.50	0.10	
5270.00	0.10	
5272.50	0.10	
5275.00	0.10	
5277.50	0.10	
5280.00	0.10	
5282.50	0.10	
5285.00	0.10	
5287.50	0.10	
5290.00	0.10	
5292.50	0.10	
5295.00	0.10	
5297.50	0.10	
5300.00	0.10	
5302.50	0.10	
5305.00	0.10	
5307.50	0.10	
5310.00	0.10	
5312.50	0.10	
5315.00	0.10	
5317.50	0.10	
5320.00	0.10	
5322.50	0.10	
5325.00	0.10	
5327.50	0.10	
5330.00	0.10	
5332.50	0.10	
5335.00	0.10	
5337.50	0.10	
5340.00	0.10	
5342.50	0.10	
5345.00	0.10	
5347.50	0.10	
5350.00	0.10	
5352.50	0.10	
5355.00	0.10	
5357.50	0.10	
5360.00	0.10	
5362.50	0.10	
5365.00	0.10	
5367.50	0.10	
5370.00	0.10	
5372.50	0.10	
5375.00	0.10	
5377.50	0.10	
5380.00	0.10	
5382.50	0.10	
5385.00	0.10	
5387.50	0.10	
5390.00	0.10	
5392.50	0.10	
5395.00	0.10	
5397.50	0.10	
5400.00	0.10	
5402.50	0.10	
5405.00	0.10	
5407.50	0.10	
5410.00	0.10	
5412.50	0.10	
5415.00	0.10	
5417.50	0.10	
5420.00	0.10	
5422.50	0.10	
5425.00	0.10	
5427.50	0.10	
5430.00	0.10	
5432.50	0.10	
5435.00	0.10	
5437.50	0.10	
5440.00	0.10	
5442.50	0.10	
5445.00	0.10	
5447.50	0.10	
5450.00	0.10	
5452.50	0.10	
5455.00	0.10	
5457.50	0.10	
5460.00	0.10	
5462.50	0.10	
5465.00	0.10	
5467.50	0.09	
5470.00	0.09	
5472.50	0.09	
5475.00	0.09	
5477.50	0.09	
5480.00	0.09	
5482.50	0.09	
5485.00	0.09	
5487.50	0.09	
5490.00	0.09	
5492.50	0.09	
5495.00	0.09	
5497.50	0.09	
5500.00	0.09	
5502.50	0.09	
5505.00	0.09	
5507.50	0.09	
5510.00	0.09	
5512.50	0.09	
5515.00	0.09	
5517.50	0.09	
5520.00	0.09	
5522.50	0.09	
5525.00	0.09	
5527.50	0.09	
5530.00	0.09	
5532.50	0.09	
5535.00	0.09	
5537.50	0.09	
5540.00	0.09	
5542.50	0.09	
5545.00	0.09	
5547.50	0.09	
5550.00	0.09	
5552.50	0.09	
5555.00	0.09	
5557.50	0.09	
5560.00	0.09	
5562.50	0.09	
5565.00	0.09	
5567.50	0.09	
5570.00	0.09	
5572.50	0.09	
5575.00	0.09	
5577.50	0.09	
5580.00	0.09	
5582.50	0.09	
5585.00	0.09	
5587.50	0.09	
5590.00	0.09	
5592.50	0.09	
5595.00	0.09	
5597.50	0.09	
5600.00	0.09	
5602.50	0.09	
5605.00	0.09	
5607.50	0.09	
5610.00	0.09	
5612.50	0.09	
5615.00	0.09	
5617.50	0.09	
5620.00	0.09	
5622.50	0.09	
5625.00	0.09	
5627.50	0.09	
5630.00	0.09	
5632.50	0.09	
5635.00	0.09	
5637.50	0.09	
5640.00	0.09	
5642.50	0.09	
5645.00	0.09	
5647.50	0.09	
5650.00	0.09	
5652.50	0.09	
5655.00	0.09	
5657.50	0.09	
5660.00	0.09	
5662.50	0.09	
5665.00	0.09	
5667.50	0.09	
5670.00	0.09	
5672.50	0.09	
5675.00	0.09	
5677.50	0.09	
5680.00	0.09	
5682.50	0.09	
5685.00	0.09	
5687.50	0.09	
5690.00	0.09	
5692.50	0.09	
5695.00	0.09	
5697.50	0.09	
5700.00	0.09	
5702.50	0.09	
5705.00	0.09	
5707.50	0.09	
5710.00	0.09	
5712.50	0.09	
5715.00	0.09	
5717.50	0.09	
5720.00	0.09	
5722.50	0.09	
5725.00	0.09	
5727.50	0.09	
5730.00	0.09	
5732.50	0.09	
5735.00	0.09	
5737.50	0.09	
5740.00	0.09	
5742.50	0.09	
5745.00	0.09	
5747.50	0.09	
5750.00	0.09	
5752.50	0.09	
5755.00	0.09	
5757.50	0.09	
5760.00	0.09	
5762.50	0.09	
5765.00	0.09	
5767.50	0.09	
5770.00	0.09	
5772.50	0.09	
5775.00	0.09	
5777.50	0.09	
5780.00	0.09	
5782.50	0.09	
5785.00	0.09	
5787.50	0.09	
5790.00	0.09	
5792.50	0.09	
5795.00	0.09	
5797.50	0.09	
5800.00	0.09	
5802.50	0.09	
5805.00	0.09	
5807.50	0.09	
5810.00	0.09	
5812.50	0.09	
5815.00	0.09	
5817.50	0.09	
5820.00	0.09	
5822.50	0.09	
5825.00	0.09	
5827.50	0.09	
5830.00	0.09	
5832.50	0.09	
5835.00	0.09	
5837.50	0.09	
5840.00	0.09	
5842.50	0.09	
5845.00	0.09	
5847.50	0.09	
5850.00	0.09	
5852.50	0.09	
5855.00	0.09	
5857.50	0.09	
5860.00	0.09	
5862.50	0.09	
5865.00	0.09	
5867.50	0.09	
5870.00	0.09	
5872.50	0.09	
5875.00	0.09	
5877.50	0.09	
5880.00	0.09	
5882.50	0.09	
5885.00	0.09	
5887.50	0.09	
5890.00	0.09	
5892.50	0.09	
5895.00	0.09	
5897.50	0.09	
5900.00	0.09	
5902.50	0.09	
5905.00	0.09	
5907.50	0.09	
5910.00	0.09	
5912.50	0.09	
5915.00	0.09	
5917.50	0.09	
5920.00	0.09	
5922.50	0.09	
5925.00	0.09	
5927.50	0.09	
5930.00	0.09	
5932.50	0.09	
5935.00	0.09	
5937.50	0.09	
5940.00	0.09	
5942.50	0.09	
5945.00	0.09	
5947.50	0.09	
5950.00	0.09	
5952.50	0.09	
5955.00	0.09	
5957.50	0.09	
5960.00	0.09	
5962.50	0.09	
5965.00	0.09	
5967.50	0.09	
5970.00	0.09	
5972.50	0.09	
5975.00	0.08	
5977.50	0.08	
5980.00	0.08	
5982.50	0.08	
5985.00	0.08	
5987.50	0.08	
5990.00	0.08	
5992.50	0.08	
5995.00	0.08	
5997.50	0.08	
6000.00	0.08	
