Random numbers drawn from Gaussian with mu = 40.0 and sigma = 2.0
1 43.19
2 42.839
3 42.441
4 38.403
5 42.124
6 40.03
7 39.667
8 39.164
9 39.873
10 39.545
11 37.565
12 41.537
13 38.964
14 36.764
15 40.428
16 41.501
17 40.607
18 38.223
19 40.35
20 41.363
21 38.537
22 40.905
23 38.188
24 39.761
25 38.472
26 39.743
27 44.307
28 41.494
29 42.64
30 39.861
31 38.613
32 41.576
33 38.875
34 40.915
35 38.277
36 37.5
37 39.278
38 35.302
39 45.007
40 40.921
41 36.481
42 40.917
43 38.1
44 39.376
45 39.448
46 40.583
47 39.869
48 39.586
49 41.384
50 39.732
51 39.415
52 37.324
53 40.888
54 34.691
55 40.4
56 38.803
57 39.969
58 37.936
59 39.545
60 40.705
61 39.126
62 36.907
63 38.579
64 38.922
65 39.479
66 41.479
67 39.773
68 42.789
69 43.563
70 40.365
71 39.283
72 39.108
73 39.061
74 38.502
75 42.634
76 43.684
77 40.12
78 37.982
79 38.81
80 38.722
81 38.648
82 40.319
83 40.502
84 39.274
85 42.658
86 37.006
87 38.555
88 43.2
89 44.936
90 41.066
91 38.33
92 40.721
93 42.516
94 38.549
95 39.1
96 44.494
97 39.017
98 35.208
99 42.456
100 42.72
101 41.77
102 45.504
103 39.917
104 35.977
105 35.245
106 39.873
107 41.381
108 43.385
109 39.747
110 42.813
111 37.811
112 40.78
113 38.254
114 40.295
115 38.4
116 42.422
117 40.93
118 37.501
119 40.169
120 38.143
121 38.642
122 37.568
123 39.458
124 40.391
125 41.371
126 42.339
127 38.988
128 39.343
129 42.474
130 37.148
131 39.196
132 41.286
133 38.259
134 40.647
135 38.589
136 38.809
137 39.977
138 39.833
139 41.032
140 39.845
141 35.612
142 40.615
143 40.358
144 37.982
145 39.441
146 40.013
147 41.692
148 41.18
149 41.798
150 41.746
151 41.663
152 39.824
153 39.735
154 40.078
155 41.229
156 38.783
157 41.511
158 38.878
159 45.857
160 37.447
161 40.012
162 43.539
163 40.037
164 43.005
165 39.279
166 39.885
167 40.248
168 40.714
169 41.247
170 40.176
171 39.898
172 41.673
173 44.009
174 38.865
175 40.373
176 43.208
177 40.623
178 38.445
179 40.226
180 39.778
181 39.212
182 38.112
183 40.142
184 36.75
185 39.35
186 38.365
187 40.874
188 43.304
189 37.69
190 41.305
191 37.599
192 39.812
193 41.038
194 40.43
195 41.27
196 40.823
197 38.738
198 38.917
199 42.109
200 39.145
201 39.875
202 39.412
203 40.334
204 40.992
205 37.397
206 37.639
207 38.488
208 36.877
209 40.497
210 41.751
211 39.259
212 38.346
213 38.358
214 41.677
215 38.154
216 42.136
217 37.777
218 38.911
219 40.461
220 40.538
221 41.517
222 38.987
223 43.622
224 39.646
225 36.541
226 41.472
227 40.898
228 40.692
229 38.811
230 37.561
231 37.122
232 40.921
233 40.094
234 38.875
235 40.25
236 41.96
237 39.707
238 38.028
239 41.302
240 42.008
241 42.675
242 39.708
243 43.075
244 41.922
245 40.094
246 43.632
247 39.294
248 38.442
249 40.423
250 40.577
251 39.493
252 40.029
253 41.496
254 40.572
255 40.557
256 39.808
257 41.213
258 40.936
259 40.725
260 41.842
261 42.723
262 40.721
263 41.974
264 38.13
265 39.292
266 40.327
267 41.819
268 37.57
269 40.495
270 42.243
271 42.647
272 39.527
273 40.014
274 40.87
275 36.653
276 40.919
277 40.547
278 37.579
279 38.436
280 41.071
281 40.146
282 41.456
283 35.77
284 39.071
285 38.181
286 42.299
287 44.301
288 42.544
289 36.126
290 37.298
291 43.984
292 38.752
293 39.1
294 38.077
295 40.336
296 37.478
297 39.028
298 41.772
299 42.375
300 42.188
301 37.811
302 42.521
303 36.476
304 36.608
305 41.237
306 37.132
307 41.069
308 36.865
309 38.76
310 39.804
311 42.8
312 38.876
313 37.263
314 34.634
315 40.987
316 42.415
317 38.763
318 40.01
319 41.423
320 40.171
321 39.084
322 36.73
323 42.998
324 38.692
325 37.682
326 40.931
327 41.497
328 41.648
329 40.084
330 40.463
331 42.351
332 38.538
333 39.07
334 41.068
335 40.323
336 45.009
337 36.344
338 38.22
339 37.644
340 39.31
341 41.254
342 38.997
343 40.362
344 42.57
345 40.79
346 44.144
347 40.434
348 39.739
349 42.029
350 37.432
351 43.355
352 40.614
353 41.45
354 43.741
355 40.446
356 37.151
357 39.478
358 40.258
359 39.065
360 42.105
361 41.697
362 40.059
363 43.011
364 43.66
365 41.964
366 39.638
367 41.329
368 41.038
369 43.136
370 37.22
371 36.518
372 40.567
373 39.013
374 40.059
375 38.86
376 42.197
377 41.807
378 40.871
379 37.875
380 39.22
381 39.45
382 37.396
383 42.537
384 41.425
385 41.19
386 42.147
387 38.241
388 39.831
389 36.381
390 42.105
391 38.101
392 41.212
393 41.586
394 41.418
395 40.425
396 40.973
397 39.912
398 41.558
399 40.418
400 39.158
401 37.605
402 39.692
403 39.675
404 41.72
405 39.72
406 38.759
407 42.902
408 40.472
409 39.221
410 40.895
411 37.346
412 39.975
413 38.155
414 38.214
415 41.175
416 38.982
417 42.643
418 44.087
419 40.029
420 40.687
421 40.27
422 37.391
423 39.981
424 40.813
425 39.325
426 38.487
427 42.554
428 39.362
429 39.53
430 39.103
431 40.384
432 44.284
433 37.186
434 39.922
435 42.876
436 39.566
437 43.094
438 36.51
439 41.614
440 38.201
441 43.646
442 41.232
443 40.731
444 39.947
445 42.457
446 38.721
447 38.699
448 38.994
449 38.019
450 39.606
451 38.863
452 42.048
453 39.567
454 39.776
455 39.042
456 43.491
457 36.602
458 42.631
459 38.485
460 39.053
461 37.068
462 42.686
463 37.496
464 41.102
465 37.529
466 36.698
467 41.028
468 39.105
469 45.281
470 37.132
471 38.977
472 38.074
473 37.888
474 41.989
475 39.379
476 39.231
477 40.473
478 40.859
479 37.639
480 39.126
481 40.294
482 39.479
483 37.477
484 37.439
485 39.238
486 42.449
487 40.652
488 40.245
489 40.047
490 38.384
491 43.816
492 40.452
493 41.521
494 44.166
495 39.096
496 43.016
497 38.438
498 39.193
499 37.556
500 43.842
501 38.746
502 40.341
503 39.6
504 37.784
505 41.57
506 37.89
507 42.159
508 41.378
509 38.669
510 37.507
511 35.844
512 41.155
513 40.491
514 39.21
515 40.279
516 43.805
517 40.961
518 39.909
519 39.172
520 39.765
521 40.956
522 42.634
523 40.99
524 35.005
525 38.482
526 40.279
527 42.994
528 39.431
529 37.984
530 39.952
531 38.849
532 39.32
533 39.615
534 39.69
535 40.567
536 36.438
537 40.408
538 37.468
539 41.897
540 40.217
541 40.236
542 41.744
543 40.045
544 34.934
545 37.837
546 38.088
547 39.397
548 40.063
549 43.408
550 39.811
551 40.917
552 39.605
553 38.492
554 39.233
555 38.264
556 38.706
557 39.455
558 39.592
559 41.709
560 36.648
561 42.25
562 36.681
563 39.122
564 44.04
565 38.909
566 39.361
567 40.844
568 41.801
569 40.353
570 37.9
571 36.098
572 39.725
573 40.767
574 39.485
575 39.602
576 41.181
577 40.827
578 39.175
579 39.814
580 41.706
581 38.839
582 36.605
583 39.623
584 39.511
585 40.949
586 41.603
587 42.208
588 36.372
589 38.06
590 41.073
591 37.955
592 39.168
593 40.268
594 41.2
595 39.64
596 41.306
597 37.705
598 39.955
599 40.078
600 43.365
