Time [s] - Voltage Capacitor	Voltage [V] - Voltage Capacitor	Time [s] - Voltage Source	Voltage [V] - Voltage Source
0	-2.3	0	4.1
7.69E-05	-1.7	7.69E-05	4.1
0.000154	-1.3	0.000154	4.1
0.000231	-0.9	0.000231	4.1
0.000308	-0.5	0.000308	4.1
0.000385	-0.2	0.000385	4.1
0.000462	0.1	0.000462	4.1
0.000538	0.4	0.000538	4.1
0.000615	0.7	0.000615	4.1
0.000692	0.9	0.000692	4.2
0.000769	1.1	0.000769	4.2
0.000846	1.4	0.000846	4.2
0.000923	1.6	0.000923	4.2
0.001	1.7	0.001	4.2
0.001077	1.9	0.001077	4.2
0.001154	2.1	0.001154	4.2
0.001231	2.3	0.001231	4.2
0.001308	2.4	0.001308	4.2
0.001385	2.6	0.001385	4.2
0.001461	2.7	0.001461	4.2
0.001538	2.8	0.001538	4.2
0.001615	2.9	0.001615	4.2
0.001692	3.1	0.001692	4.2
0.001769	3.2	0.001769	4.2
0.001846	3.3	0.001846	4.2
0.001923	3.3	0.001923	4.2
0.002	3.4	0.002	4.2
0.002077	3.5	0.002077	4.2
0.002154	3.6	0.002154	4.2
0.002231	3.6	0.002231	4.2
0.002308	3.7	0.002308	4.2
0.002385	3.5	0.002385	-4.1
0.002461	2.6	0.002461	-4.1
0.002538	2	0.002538	-4.1
0.002615	1.5	0.002615	-4.1
0.002692	1.1	0.002692	-4.1
0.002769	0.7	0.002769	-4.1
0.002846	0.4	0.002846	-4.1
0.002923	0.1	0.002923	-4.1
0.003	-0.2	0.003	-4.1
0.003077	-0.5	0.003077	-4.1
0.003154	-0.7	0.003154	-4.1
0.003231	-1	0.003231	-4.1
0.003308	-1.2	0.003308	-4.1
0.003384	-1.4	0.003384	-4.1
0.003461	-1.6	0.003461	-4.1
0.003538	-1.8	0.003538	-4.1
0.003615	-2	0.003615	-4.1
0.003692	-2.1	0.003692	-4.1
0.003769	-2.3	0.003769	-4.1
0.003846	-2.4	0.003846	-4.1
0.003923	-2.6	0.003923	-4.1
0.004	-2.7	0.004	-4.1
0.004077	-2.8	0.004077	-4.1
0.004154	-3	0.004154	-4.1
0.004231	-3.1	0.004231	-4.1
0.004308	-3.2	0.004308	-4.1
0.004384	-3.3	0.004384	-4.1
0.004461	-3.3	0.004461	-4.1
0.004538	-3.4	0.004538	-4.1
0.004615	-3.5	0.004615	-4.1
0.004692	-3.6	0.004692	-4.1
0.004769	-3.6	0.004769	-4.1
0.004846	-3.7	0.004846	-4.1
0.004923	-2.9	0.004923	4.1
0.005	-2.2	0.005	4.1
0.005077	-1.6	0.005077	4.1
0.005154	-1.2	0.005154	4.1
0.005231	-0.8	0.005231	4.1
0.005307	-0.5	0.005307	4.1
0.005384	-0.1	0.005384	4.1
0.005461	0.2	0.005461	4.1
0.005538	0.4	0.005538	4.1
0.005615	0.7	0.005615	4.1
0.005692	1	0.005692	4.1
0.005769	1.2	0.005769	4.2
0.005846	1.4	0.005846	4.2
0.005923	1.6	0.005923	4.2
0.006	1.8	0.006	4.2
0.006077	2	0.006077	4.2
0.006154	2.1	0.006154	4.2
0.006231	2.3	0.006231	4.2
0.006307	2.4	0.006307	4.2
0.006384	2.6	0.006384	4.2
0.006461	2.7	0.006461	4.2
0.006538	2.8	0.006538	4.2
0.006615	3	0.006615	4.2
0.006692	3.1	0.006692	4.2
0.006769	3.2	0.006769	4.2
0.006846	3.3	0.006846	4.2
0.006923	3.4	0.006923	4.2
0.007	3.4	0.007	4.2
0.007077	3.5	0.007077	4.2
0.007154	3.6	0.007154	4.2
0.00723	3.6	0.00723	4.2
0.007307	3.7	0.007307	4.2
0.007384	3.3	0.007384	-4.1
0.007461	2.5	0.007461	-4.1
0.007538	1.9	0.007538	-4.1
0.007615	1.5	0.007615	-4.1
0.007692	1	0.007692	-4.1
0.007769	0.7	0.007769	-4.1
0.007846	0.4	0.007846	-4.1
0.007923	0.1	0.007923	-4.1
0.008	-0.2	0.008	-4.1
0.008077	-0.5	0.008077	-4.1
0.008154	-0.8	0.008154	-4.1
0.00823	-1	0.00823	-4.1
0.008307	-1.2	0.008307	-4.1
0.008384	-1.4	0.008384	-4.1
0.008461	-1.6	0.008461	-4.1
0.008538	-1.8	0.008538	-4.1
0.008615	-2	0.008615	-4.1
0.008692	-2.2	0.008692	-4.1
0.008769	-2.3	0.008769	-4.1
0.008846	-2.5	0.008846	-4.1
0.008923	-2.6	0.008923	-4.1
0.009	-2.7	0.009	-4.1
0.009077	-2.9	0.009077	-4.1
0.009153	-3	0.009153	-4.1
0.00923	-3.1	0.00923	-4.1
0.009307	-3.2	0.009307	-4.1
0.009384	-3.3	0.009384	-4.1
0.009461	-3.4	0.009461	-4.1
0.009538	-3.4	0.009538	-4.1
0.009615	-3.5	0.009615	-4.1
0.009692	-3.6	0.009692	-4.1
0.009769	-3.6	0.009769	-4.1
0.009846	-3.7	0.009846	4.1
0.009923	-2.7	0.009923	4.1
0.01	-2.1	0.01	4.1
0.010077	-1.6	0.010077	4.1
0.010153	-1.1	0.010153	4.1
0.01023	-0.8	0.01023	4.1
0.010307	-0.4	0.010307	4.1
0.010384	-0.1	0.010384	4.1
0.010461	0.2	0.010461	4.1
0.010538	0.5	0.010538	4.1
0.010615	0.8	0.010615	4.1
0.010692	1	0.010692	4.2
0.010769	1.2	0.010769	4.2
0.010846	1.4	0.010846	4.2
0.010923	1.6	0.010923	4.2
0.011	1.8	0.011	4.2
0.011076	2	0.011076	4.2
0.011153	2.2	0.011153	4.2
0.01123	2.3	0.01123	4.2
0.011307	2.5	0.011307	4.2
0.011384	2.6	0.011384	4.2
0.011461	2.7	0.011461	4.2
0.011538	2.9	0.011538	4.2
0.011615	3	0.011615	4.2
0.011692	3.1	0.011692	4.2
0.011769	3.2	0.011769	4.2
0.011846	3.3	0.011846	4.2
0.011923	3.4	0.011923	4.2
0.012	3.5	0.012	4.2
0.012076	3.5	0.012076	4.2
0.012153	3.6	0.012153	4.2
0.01223	3.7	0.01223	4.2
0.012307	3.7	0.012307	4.2
0.012384	3.1	0.012384	-4.1
0.012461	2.4	0.012461	-4.1
0.012538	1.8	0.012538	-4.1
0.012615	1.4	0.012615	-4.1
0.012692	1	0.012692	-4.1
0.012769	0.6	0.012769	-4.1
0.012846	0.3	0.012846	-4.1
0.012923	0	0.012923	-4.1
0.012999	-0.3	0.012999	-4.1
0.013076	-0.6	0.013076	-4.1
0.013153	-0.8	0.013153	-4.1
0.01323	-1	0.01323	-4.1
0.013307	-1.3	0.013307	-4.1
0.013384	-1.5	0.013384	-4.1
0.013461	-1.7	0.013461	-4.1
0.013538	-1.8	0.013538	-4.1
0.013615	-2	0.013615	-4.1
0.013692	-2.2	0.013692	-4.1
0.013769	-2.3	0.013769	-4.1
0.013846	-2.5	0.013846	-4.1
0.013923	-2.6	0.013923	-4.1
0.013999	-2.8	0.013999	-4.1
0.014076	-2.9	0.014076	-4.1
0.014153	-3	0.014153	-4.1
0.01423	-3.1	0.01423	-4.1
0.014307	-3.2	0.014307	-4.1
0.014384	-3.3	0.014384	-4.1
0.014461	-3.4	0.014461	-4.1
0.014538	-3.4	0.014538	-4.1
0.014615	-3.5	0.014615	-4.1
0.014692	-3.6	0.014692	-4.1
0.014769	-3.6	0.014769	-4.1
0.014846	-3.5	0.014846	4.1
0.014922	-2.6	0.014922	4.1
0.014999	-2	0.014999	4.1
0.015076	-1.5	0.015076	4.1
0.015153	-1.1	0.015153	4.1
0.01523	-0.7	0.01523	4.1
0.015307	-0.4	0.015307	4.1
0.015384	0	0.015384	4.1
0.015461	0.3	0.015461	4.1
0.015538	0.5	0.015538	4.1
0.015615	0.8	0.015615	4.1
0.015692	1	0.015692	4.2
0.015769	1.2	0.015769	4.2
0.015846	1.5	0.015846	4.2
0.015922	1.7	0.015922	4.2
0.015999	1.8	0.015999	4.2
0.016076	2	0.016076	4.2
0.016153	2.2	0.016153	4.2
0.01623	2.3	0.01623	4.2
0.016307	2.5	0.016307	4.2
0.016384	2.6	0.016384	4.2
0.016461	2.8	0.016461	4.2
0.016538	2.9	0.016538	4.2
0.016615	3	0.016615	4.2
0.016692	3.1	0.016692	4.2
0.016769	3.2	0.016769	4.2
0.016845	3.3	0.016845	4.2
0.016922	3.4	0.016922	4.2
0.016999	3.5	0.016999	4.2
0.017076	3.5	0.017076	4.2
0.017153	3.6	0.017153	4.2
0.01723	3.7	0.01723	4.2
0.017307	3.7	0.017307	4.2
0.017384	3	0.017384	-4.1
0.017461	2.3	0.017461	-4.1
0.017538	1.8	0.017538	-4.1
0.017615	1.3	0.017615	-4.1
0.017692	0.9	0.017692	-4.1
0.017769	0.6	0.017769	-4.1
0.017845	0.3	0.017845	-4.1
0.017922	0	0.017922	-4.1
0.017999	-0.3	0.017999	-4.1
0.018076	-0.6	0.018076	-4.1
0.018153	-0.8	0.018153	-4.1
0.01823	-1.1	0.01823	-4.1
0.018307	-1.3	0.018307	-4.1
0.018384	-1.5	0.018384	-4.1
0.018461	-1.7	0.018461	-4.1
0.018538	-1.9	0.018538	-4.1
0.018615	-2	0.018615	-4.1
0.018692	-2.2	0.018692	-4.1
0.018768	-2.4	0.018768	-4.1
0.018845	-2.5	0.018845	-4.1
0.018922	-2.7	0.018922	-4.1
0.018999	-2.8	0.018999	-4.1
0.019076	-2.9	0.019076	-4.1
0.019153	-3	0.019153	-4.1
0.01923	-3.1	0.01923	-4.1
0.019307	-3.2	0.019307	-4.1
0.019384	-3.3	0.019384	-4.1
0.019461	-3.4	0.019461	-4.1
0.019538	-3.5	0.019538	-4.1
0.019615	-3.5	0.019615	-4.1
0.019692	-3.6	0.019692	-4.1
0.019768	-3.6	0.019768	-4.1
0.019845	-3.3	0.019845	4.1
0.019922	-2.5	0.019922	4.1
0.019999	-1.9	0.019999	4.1
0.020076	-1.4	0.020076	4.1
0.020153	-1	0.020153	4.1
0.02023	-0.6	0.02023	4.1
0.020307	-0.3	0.020307	4.1
0.020384	0	0.020384	4.1
0.020461	0.3	0.020461	4.1
0.020538	0.6	0.020538	4.1
0.020615	0.8	0.020615	4.1
0.020691	1.1	0.020691	4.2
0.020768	1.3	0.020768	4.2
0.020845	1.5	0.020845	4.2
0.020922	1.7	0.020922	4.2
0.020999	1.9	0.020999	4.2
0.021076	2	0.021076	4.2
0.021153	2.2	0.021153	4.2
0.02123	2.4	0.02123	4.2
0.021307	2.5	0.021307	4.2
0.021384	2.7	0.021384	4.2
0.021461	2.8	0.021461	4.2
0.021538	2.9	0.021538	4.2
0.021615	3	0.021615	4.2
0.021691	3.1	0.021691	4.2
0.021768	3.2	0.021768	4.2
0.021845	3.3	0.021845	4.2
0.021922	3.4	0.021922	4.2
0.021999	3.5	0.021999	4.2
0.022076	3.5	0.022076	4.2
0.022153	3.6	0.022153	4.2
0.02223	3.7	0.02223	4.2
0.022307	3.7	0.022307	-4.1
0.022384	2.9	0.022384	-4.1
0.022461	2.2	0.022461	-4.1
0.022538	1.7	0.022538	-4.1
0.022614	1.2	0.022614	-4.1
0.022691	0.9	0.022691	-4.1
0.022768	0.5	0.022768	-4.1
0.022845	0.2	0.022845	-4.1
0.022922	-0.1	0.022922	-4.1
0.022999	-0.4	0.022999	-4.1
0.023076	-0.6	0.023076	-4.1
0.023153	-0.9	0.023153	-4.1
0.02323	-1.1	0.02323	-4.1
0.023307	-1.3	0.023307	-4.1
0.023384	-1.5	0.023384	-4.1
0.023461	-1.7	0.023461	-4.1
0.023538	-1.9	0.023538	-4.1
0.023614	-2.1	0.023614	-4.1
0.023691	-2.2	0.023691	-4.1
0.023768	-2.4	0.023768	-4.1
0.023845	-2.5	0.023845	-4.1
0.023922	-2.7	0.023922	-4.1
0.023999	-2.8	0.023999	-4.1
0.024076	-2.9	0.024076	-4.1
0.024153	-3	0.024153	-4.1
0.02423	-3.1	0.02423	-4.1
0.024307	-3.2	0.024307	-4.1
0.024384	-3.3	0.024384	-4.1
0.024461	-3.4	0.024461	-4.1
0.024537	-3.5	0.024537	-4.1
0.024614	-3.5	0.024614	-4.1
0.024691	-3.6	0.024691	-4.1
0.024768	-3.7	0.024768	-4.1
0.024845	-3.2	0.024845	4.1
0.024922	-2.4	0.024922	4.1
0.024999	-1.8	0.024999	4.1
0.025076	-1.3	0.025076	4.1
0.025153	-0.9	0.025153	4.1
0.02523	-0.6	0.02523	4.1
0.025307	-0.3	0.025307	4.1
0.025384	0.1	0.025384	4.1
0.025461	0.4	0.025461	4.1
0.025537	0.6	0.025537	4.1
0.025614	0.9	0.025614	4.2
0.025691	1.1	0.025691	4.2
0.025768	1.3	0.025768	4.2
0.025845	1.5	0.025845	4.2
0.025922	1.7	0.025922	4.2
0.025999	1.9	0.025999	4.2
0.026076	2.1	0.026076	4.2
0.026153	2.2	0.026153	4.2
0.02623	2.4	0.02623	4.2
0.026307	2.5	0.026307	4.2
0.026384	2.7	0.026384	4.2
0.02646	2.8	0.02646	4.2
0.026537	2.9	0.026537	4.2
0.026614	3	0.026614	4.2
0.026691	3.1	0.026691	4.2
0.026768	3.2	0.026768	4.2
0.026845	3.3	0.026845	4.2
0.026922	3.4	0.026922	4.2
0.026999	3.5	0.026999	4.2
0.027076	3.6	0.027076	4.2
0.027153	3.6	0.027153	4.2
0.02723	3.7	0.02723	4.2
0.027307	3.7	0.027307	-4.1
0.027384	2.7	0.027384	-4.1
0.02746	2.1	0.02746	-4.1
0.027537	1.6	0.027537	-4.1
0.027614	1.2	0.027614	-4.1
0.027691	0.8	0.027691	-4.1
0.027768	0.5	0.027768	-4.1
0.027845	0.2	0.027845	-4.1
0.027922	-0.1	0.027922	-4.1
0.027999	-0.4	0.027999	-4.1
0.028076	-0.7	0.028076	-4.1
0.028153	-0.9	0.028153	-4.1
0.02823	-1.2	0.02823	-4.1
0.028307	-1.4	0.028307	-4.1
0.028383	-1.6	0.028383	-4.1
0.02846	-1.8	0.02846	-4.1
0.028537	-1.9	0.028537	-4.1
0.028614	-2.1	0.028614	-4.1
0.028691	-2.3	0.028691	-4.1
0.028768	-2.4	0.028768	-4.1
0.028845	-2.6	0.028845	-4.1
0.028922	-2.7	0.028922	-4.1
0.028999	-2.8	0.028999	-4.1
0.029076	-2.9	0.029076	-4.1
0.029153	-3.1	0.029153	-4.1
0.02923	-3.2	0.02923	-4.1
0.029307	-3.2	0.029307	-4.1
0.029383	-3.3	0.029383	-4.1
0.02946	-3.4	0.02946	-4.1
0.029537	-3.5	0.029537	-4.1
0.029614	-3.6	0.029614	-4.1
0.029691	-3.6	0.029691	-4.1
0.029768	-3.7	0.029768	-4.1
0.029845	-3	0.029845	4.1
0.029922	-2.3	0.029922	4.1
0.029999	-1.7	0.029999	4.1
0.030076	-1.3	0.030076	4.1
0.030153	-0.9	0.030153	4.1
0.03023	-0.5	0.03023	4.1
0.030306	-0.2	0.030306	4.1
0.030383	0.1	0.030383	4.1
0.03046	0.4	0.03046	4.1
0.030537	0.7	0.030537	4.1
0.030614	0.9	0.030614	4.1
0.030691	1.1	0.030691	4.2
0.030768	1.4	0.030768	4.2
0.030845	1.6	0.030845	4.2
0.030922	1.7	0.030922	4.2
0.030999	1.9	0.030999	4.2
0.031076	2.1	0.031076	4.2
0.031153	2.3	0.031153	4.2
0.03123	2.4	0.03123	4.2
0.031306	2.6	0.031306	4.2
0.031383	2.7	0.031383	4.2
0.03146	2.8	0.03146	4.2
0.031537	2.9	0.031537	4.2
0.031614	3.1	0.031614	4.2
0.031691	3.2	0.031691	4.2
0.031768	3.3	0.031768	4.2
0.031845	3.3	0.031845	4.2
0.031922	3.4	0.031922	4.2
0.031999	3.5	0.031999	4.2
0.032076	3.6	0.032076	4.2
0.032153	3.6	0.032153	4.2
0.032229	3.7	0.032229	4.2
0.032306	3.5	0.032306	-4.1
0.032383	2.6	0.032383	-4.1
0.03246	2	0.03246	-4.1
